data/Cantabria_U.asc
ncols              119
nrows              83
xllcorner      114.66668701171875
yllcorner      20.5
cellsize           0.08331298828125
NODATA_value   9.969209968386869E36
[rows 19 to 37 of 83, columns 41 to 81 of 119]
9.969209968386869E36 9.969209968386869E36 9.969209968386869E36 9.969209968386869E36 9.969209968386869E36 9.969209968386869E36 9.969209968386869E36 9.969209968386869E36 9.969209968386869E36 9.969209968386869E36 9.969209968386869E36 9.969209968386869E36 9.969209968386869E36 9.969209968386869E36 9.969209968386869E36 9.969209968386869E36 9.969209968386869E36 9.969209968386869E36 9.969209968386869E36 -0.01859208196401596 -0.00947900116443634 -0.02067856676876545 -0.02493320032954216 0.008619011379778385 0.03687594085931778 0.05109909921884537 0.0540202297270298 0.04148464277386665 0.027485856786370277 0.027945784851908684 0.0327107198536396 0.040502648800611496 0.04096507653594017 0.0393146276473999 0.05271327495574951 0.0791427493095398 0.1252511888742447 0.1432155966758728 0.13203585147857666 0.118273064494133 0.09650316089391708
9.969209968386869E36 9.969209968386869E36 9.969209968386869E36 9.969209968386869E36 9.969209968386869E36 9.969209968386869E36 9.969209968386869E36 9.969209968386869E36 9.969209968386869E36 9.969209968386869E36 9.969209968386869E36 9.969209968386869E36 9.969209968386869E36 9.969209968386869E36 9.969209968386869E36 9.969209968386869E36 9.969209968386869E36 9.969209968386869E36 -0.006309499964118004 -0.006165408995002508 0.003014948219060898 0.002559070475399494 0.001896784990094602 0.040922220796346664 0.08951199799776077 0.11143895983695984 0.11159074306488037 0.09819134324789047 0.07678920030593872 0.06437435001134872 0.0665833130478859 0.06585937738418579 0.07690545171499252 0.08797930181026459 0.09984852373600006 0.12286665290594101 0.13329768180847168 0.144643634557724 0.14057683944702148 0.12040334194898605 0.10072697699069977
9.969209968386869E36 9.969209968386869E36 9.969209968386869E36 9.969209968386869E36 9.969209968386869E36 9.969209968386869E36 9.969209968386869E36 9.969209968386869E36 9.969209968386869E36 9.969209968386869E36 9.969209968386869E36 9.969209968386869E36 9.969209968386869E36 9.969209968386869E36 9.969209968386869E36 9.969209968386869E36 9.969209968386869E36 9.969209968386869E36 -0.0016523490194231272 -0.001362467184662819 0.0032591635826975107 0.00469730980694294 0.011902332305908203 0.061957571655511856 0.1332150548696518 0.17602337896823883 0.18066012859344482 0.16237302124500275 0.13400885462760925 0.11188869178295135 0.10450486093759537 0.10682706534862518 0.09493331611156464 0.08879201114177704 0.1378931701183319 0.1662045568227768 0.14600811898708344 0.14553403854370117 0.13509975373744965 0.11048078536987305 0.10810723900794983
9.969209968386869E36 9.969209968386869E36 9.969209968386869E36 9.969209968386869E36 9.969209968386869E36 9.969209968386869E36 9.969209968386869E36 9.969209968386869E36 9.969209968386869E36 9.969209968386869E36 9.969209968386869E36 9.969209968386869E36 9.969209968386869E36 9.969209968386869E36 -0.010344907641410828 5.892462795600295E-4 0.021766694262623787 9.969209968386869E36 0.01866471953690052 0.009016570635139942 0.00438939593732357 0.011495515704154968 0.04925701767206192 0.11158373951911926 0.17235521972179413 0.2063683569431305 0.21012471616268158 0.19196712970733643 0.16420099139213562 0.14148376882076263 0.13012370467185974 0.12942783534526825 0.11345569789409637 0.09417683631181717 0.12763555347919464 0.16576124727725983 0.16852301359176636 0.14686515927314758 0.12309390306472778 0.1151578426361084 0.11744480580091476
9.969209968386869E36 9.969209968386869E36 9.969209968386869E36 9.969209968386869E36 9.969209968386869E36 9.969209968386869E36 9.969209968386869E36 9.969209968386869E36 9.969209968386869E36 9.969209968386869E36 9.969209968386869E36 9.969209968386869E36 9.969209968386869E36 -0.022036517038941383 -0.02528698742389679 -0.013423535972833633 0.02598995715379715 0.05412585288286209 0.04398437216877937 0.02980690822005272 0.03682079166173935 0.0791110098361969 0.11993790417909622 0.1396339386701584 0.15797868371009827 0.17234891653060913 0.17940694093704224 0.1776452660560608 0.16521841287612915 0.1471414417028427 0.147149458527565 0.15329913794994354 0.1525254249572754 0.17084161937236786 0.1922057569026947 0.18150171637535095 0.1753477156162262 0.15581586956977844 0.13468709588050842 0.135270893573761 0.13593430817127228
9.969209968386869E36 9.969209968386869E36 9.969209968386869E36 9.969209968386869E36 9.969209968386869E36 9.969209968386869E36 9.969209968386869E36 9.969209968386869E36 9.969209968386869E36 9.969209968386869E36 9.969209968386869E36 9.969209968386869E36 9.969209968386869E36 -0.010217553935945034 -0.01154746487736702 -0.02208494395017624 0.014247715473175049 0.052759379148483276 0.042854517698287964 0.051148444414138794 0.10950252413749695 0.15269207954406738 0.16511519253253937 0.1658250391483307 0.16081424057483673 0.16969184577465057 0.17657479643821716 0.17608647048473358 0.17686113715171814 0.1729123890399933 0.1709173321723938 0.20099954307079315 0.24391666054725647 0.2699436843395233 0.2814168632030487 0.2789355218410492 0.2573414146900177 0.21015729010105133 0.16248632967472076 0.1363915354013443 0.14582718908786774
9.969209968386869E36 9.969209968386869E36 9.969209968386869E36 9.969209968386869E36 9.969209968386869E36 9.969209968386869E36 9.969209968386869E36 9.969209968386869E36 9.969209968386869E36 9.969209968386869E36 9.969209968386869E36 9.969209968386869E36 9.969209968386869E36 9.969209968386869E36 9.969209968386869E36 0.014011784456670284 0.03390348330140114 0.054278332740068436 0.05596551299095154 0.09177464991807938 0.157647043466568 0.17881619930267334 0.17377585172653198 0.180029958486557 0.19775567948818207 0.22273948788642883 0.22910892963409424 0.22561894357204437 0.22232453525066376 0.2269142121076584 0.2384786456823349 0.2945796847343445 0.3398396074771881 0.34373101592063904 0.3560877740383148 0.3563447892665863 0.31059443950653076 0.22751331329345703 0.16821755468845367 0.14592616260051727 0.14617499709129333
9.969209968386869E36 9.969209968386869E36 9.969209968386869E36 9.969209968386869E36 9.969209968386869E36 9.969209968386869E36 9.969209968386869E36 9.969209968386869E36 9.969209968386869E36 9.969209968386869E36 9.969209968386869E36 -0.01117556169629097 -0.00831132847815752 0.01034941803663969 0.04080047830939293 0.06722467392683029 0.08069836348295212 0.1254606693983078 0.16816799342632294 0.18261510133743286 0.19219739735126495 0.1956682652235031 0.18502958118915558 0.1837977021932602 0.2179579734802246 0.25426173210144043 0.279127299785614 0.29378899931907654 0.28978317975997925 0.296053409576416 0.3125315308570862 0.3288756012916565 0.3432578444480896 0.3692721724510193 0.373146116733551 0.31760144233703613 0.2226928174495697 0.13010835647583008 0.10922685265541077 0.13186988234519958 9.969209968386869E36
9.969209968386869E36 9.969209968386869E36 9.969209968386869E36 9.969209968386869E36 9.969209968386869E36 9.969209968386869E36 9.969209968386869E36 9.969209968386869E36 9.969209968386869E36 9.969209968386869E36 9.969209968386869E36 9.969209968386869E36 9.969209968386869E36 0.030430953949689865 0.03699295222759247 0.07532554864883423 0.11995027214288712 0.1574808806180954 0.19596530497074127 0.18957896530628204 0.16568996012210846 0.16142359375953674 0.1777862161397934 0.20228680968284607 0.22436030209064484 0.2392020970582962 0.2679905891418457 0.31437602639198303 0.3337414562702179 0.3507140874862671 0.3548659682273865 0.318979948759079 0.3157848119735718 0.3583872318267822 0.27964189648628235 0.19547614455223083 0.1594390720129013 9.969209968386869E36 9.969209968386869E36 9.969209968386869E36 9.969209968386869E36
9.969209968386869E36 9.969209968386869E36 9.969209968386869E36 9.969209968386869E36 9.969209968386869E36 9.969209968386869E36 9.969209968386869E36 9.969209968386869E36 9.969209968386869E36 9.969209968386869E36 9.969209968386869E36 0.02035115659236908 0.04171603173017502 0.11337536573410034 0.15720924735069275 0.16076436638832092 0.16813576221466064 0.18284468352794647 0.18237313628196716 0.1694478690624237 0.1798861175775528 0.2026396542787552 0.22662353515625 0.2292799949645996 0.21197842061519623 0.2240007072687149 0.25700244307518005 0.3110102415084839 0.35874560475349426 0.3685511350631714 0.33137640357017517 0.27646663784980774 0.27178242802619934 0.28177186846733093 9.969209968386869E36 9.969209968386869E36 9.969209968386869E36 9.969209968386869E36 9.969209968386869E36 9.969209968386869E36 9.969209968386869E36
9.969209968386869E36 9.969209968386869E36 9.969209968386869E36 9.969209968386869E36 9.969209968386869E36 9.969209968386869E36 9.969209968386869E36 9.969209968386869E36 9.969209968386869E36 9.969209968386869E36 0.03493570536375046 0.059812068939208984 0.11083316802978516 0.15452533960342407 0.19775812327861786 0.22357460856437683 0.23406045138835907 0.22595423460006714 0.21468773484230042 0.22523194551467896 0.2487976998090744 0.2864325940608978 0.3098728358745575 0.2672297954559326 0.20611591637134552 0.21837763488292694 0.2557637393474579 0.2839544117450714 0.3110972046852112 0.31170737743377686 0.3047260046005249 0.28828203678131104 0.23656940460205078 0.20183391869068146 0.20196722447872162 9.969209968386869E36 9.969209968386869E36 9.969209968386869E36 9.969209968386869E36 9.969209968386869E36 9.969209968386869E36
9.969209968386869E36 9.969209968386869E36 9.969209968386869E36 9.969209968386869E36 9.969209968386869E36 9.969209968386869E36 9.969209968386869E36 9.969209968386869E36 0.022225024178624153 0.03238550201058388 0.06896781921386719 0.11930490285158157 0.17044828832149506 0.2247239500284195 0.2553289830684662 0.24438707530498505 0.2307652235031128 0.24976561963558197 0.29444554448127747 0.34925878047943115 0.37622591853141785 0.3773747682571411 0.3570895791053772 0.29415133595466614 0.21685227751731873 0.19838181138038635 0.22258438169956207 0.2531248927116394 0.29153579473495483 0.32783713936805725 0.3122677206993103 0.2835659384727478 0.24361559748649597 0.20210163295269012 0.2011728435754776 9.969209968386869E36 9.969209968386869E36 9.969209968386869E36 9.969209968386869E36 9.969209968386869E36 9.969209968386869E36
9.969209968386869E36 9.969209968386869E36 9.969209968386869E36 9.969209968386869E36 9.969209968386869E36 9.969209968386869E36 9.969209968386869E36 9.969209968386869E36 0.0247340090572834 0.04669159650802612 0.11862502247095108 0.17473001778125763 0.21175378561019897 0.22001057863235474 0.19858355820178986 0.17555470764636993 0.21717408299446106 0.3164214789867401 0.41122007369995117 0.46456053853034973 0.4420498013496399 0.38039296865463257 0.3245540261268616 0.29332542419433594 0.268713116645813 0.25521838665008545 0.25642383098602295 0.2537449300289154 0.2615986168384552 0.2905668318271637 0.2981947064399719 0.29699456691741943 0.2831976115703583 0.23067761957645416 9.969209968386869E36 9.969209968386869E36 9.969209968386869E36 9.969209968386869E36 9.969209968386869E36 9.969209968386869E36 9.969209968386869E36
9.969209968386869E36 9.969209968386869E36 9.969209968386869E36 9.969209968386869E36 9.969209968386869E36 9.969209968386869E36 9.969209968386869E36 9.969209968386869E36 0.11217910796403885 0.13886846601963043 0.16554947197437286 0.17617854475975037 0.16123485565185547 0.15383011102676392 0.1645136922597885 0.21193727850914001 0.3033413589000702 0.41438961029052734 0.48842981457710266 0.48144400119781494 0.41621294617652893 0.3548174798488617 0.309664249420166 0.2838387191295624 0.25822749733924866 0.26572906970977783 0.3168409764766693 0.30817240476608276 0.258466899394989 0.2526015043258667 0.28423529863357544 0.268067330121994 0.24897228181362152 0.24994975328445435 9.969209968386869E36 9.969209968386869E36 9.969209968386869E36 9.969209968386869E36 9.969209968386869E36 9.969209968386869E36 9.969209968386869E36
0.007856253534555435 0.021168192848563194 9.969209968386869E36 9.969209968386869E36 0.04163696616888046 0.03762095421552658 9.969209968386869E36 0.08454621583223343 0.10267255455255508 0.12475963681936264 0.14076445996761322 0.12805546820163727 0.13366082310676575 0.1763533651828766 0.23352816700935364 0.29662787914276123 0.37975797057151794 0.46517691016197205 0.5023874044418335 0.47124341130256653 0.3972508907318115 0.32784953713417053 0.28787168860435486 0.28973904252052307 0.2755604684352875 0.28771138191223145 0.3244355320930481 0.2892560064792633 0.2434752881526947 0.24120904505252838 0.26621952652931213 0.2782718241214752 0.25704634189605713 9.969209968386869E36 9.969209968386869E36 9.969209968386869E36 9.969209968386869E36 9.969209968386869E36 9.969209968386869E36 9.969209968386869E36 9.969209968386869E36
0.0010904818773269653 0.013640186749398708 0.037774112075567245 0.049172040075063705 0.04019251838326454 0.032080817967653275 0.055112965404987335 0.08850934356451035 0.1156490370631218 0.12822453677654266 0.11864670366048813 0.11400644481182098 0.14659984409809113 0.21353591978549957 0.27935993671417236 0.344782292842865 0.43347981572151184 0.5086547136306763 0.511641800403595 0.43819090723991394 0.34217315912246704 0.296769917011261 0.3084602653980255 0.3427073061466217 0.358413964509964 0.36305537819862366 0.341277539730072 0.2862504720687866 0.2626827657222748 0.2552371621131897 0.25000643730163574 0.26599758863449097 9.969209968386869E36 9.969209968386869E36 9.969209968386869E36 9.969209968386869E36 9.969209968386869E36 9.969209968386869E36 9.969209968386869E36 9.969209968386869E36 9.969209968386869E36
-0.007556366268545389 -0.00517734419554472 0.007948535494506359 9.969209968386869E36 0.026924749836325645 0.040996652096509933 0.07172919064760208 0.10537887364625931 0.11604021489620209 0.10088518261909485 0.08743954449892044 0.09777182340621948 0.14212320744991302 0.22194533050060272 0.2887958884239197 0.3507968485355377 0.4313938617706299 0.49170199036598206 0.4837181270122528 0.39907318353652954 0.31597819924354553 0.306045264005661 0.36136698722839355 0.4128085672855377 0.396214097738266 0.3425614833831787 0.3208513557910919 0.3106752336025238 0.28731465339660645 0.2654188871383667 0.25057491660118103 9.969209968386869E36 9.969209968386869E36 9.969209968386869E36 9.969209968386869E36 9.969209968386869E36 9.969209968386869E36 9.969209968386869E36 9.969209968386869E36 9.969209968386869E36 9.969209968386869E36
9.969209968386869E36 -0.0304445568472147 -0.01540466584265232 0.007148814387619495 0.006182644050568342 0.009962343610823154 0.025343356654047966 0.04914795607328415 0.07947041094303131 0.10002455860376358 0.09790477901697159 0.09011347591876984 0.11716794967651367 0.1877773553133011 0.21852119266986847 0.2513825595378876 0.32672157883644104 0.39735278487205505 0.41255322098731995 0.35730400681495667 0.3126298487186432 0.3165740370750427 0.3482190668582916 0.3722207546234131 0.34801405668258667 0.277185320854187 0.28046250343322754 0.3215043544769287 0.2968428134918213 0.27010318636894226 9.969209968386869E36 9.969209968386869E36 9.969209968386869E36 9.969209968386869E36 9.969209968386869E36 9.969209968386869E36 9.969209968386869E36 9.969209968386869E36 9.969209968386869E36 9.969209968386869E36 9.969209968386869E36
-0.010513407178223133 -0.02909397892653942 -0.028720086440443993 -0.01626688614487648 -0.0016804483020678163 0.011898558586835861 0.0328262522816658 0.06714534759521484 0.08757126331329346 0.0965503603219986 0.08795436471700668 0.0526709221303463 0.06359481066465378 0.12007490545511246 0.11744828522205353 0.09096422791481018 0.12793006002902985 0.20550639927387238 0.2648445665836334 0.3312074542045593 0.36746746301651 0.32771480083465576 0.2879461646080017 0.30479663610458374 0.32416173815727234 0.2905162274837494 0.2790205478668213 0.23825466632843018 0.21083037555217743 0.23826287686824799 9.969209968386869E36 9.969209968386869E36 9.969209968386869E36 9.969209968386869E36 9.969209968386869E36 9.969209968386869E36 9.969209968386869E36 9.969209968386869E36 9.969209968386869E36 9.969209968386869E36 9.969209968386869E36
