data/Cantabria_U.asc
ncols              119
nrows              83
xllcorner      114.66668701171875
yllcorner      20.5
cellsize           0.08331298828125
NODATA_value   9.969209968386869E36
[rows 38 to 56 of 83, columns 41 to 81 of 119]
0.013044907711446285 0.00908739399164915 0.021200044080615044 0.04331593960523605 0.06513221561908722 0.0792175680398941 0.0776548981666565 0.07041921466588974 0.061096593737602234 0.06188434362411499 0.057216890156269073 0.027394020929932594 0.030331790447235107 0.045173440128564835 -0.0071506076492369175 -0.06303179264068604 -0.03321469947695732 0.03319099172949791 0.11001424491405487 0.23304809629917145 0.29371991753578186 0.28214022517204285 0.2639767527580261 0.29192155599594116 0.3348454535007477 0.3196430802345276 0.26437196135520935 0.2094833105802536 0.1797007918357849 9.969209968386869E36 9.969209968386869E36 9.969209968386869E36 9.969209968386869E36 9.969209968386869E36 9.969209968386869E36 9.969209968386869E36 9.969209968386869E36 9.969209968386869E36 9.969209968386869E36 9.969209968386869E36 9.969209968386869E36
0.08311958611011505 0.0809052437543869 0.07665050029754639 0.0844072625041008 0.08431881666183472 0.08786055445671082 0.07590233534574509 0.04323388636112213 0.02726985327899456 0.034929268062114716 0.04953906312584877 0.06746704876422882 0.08320597559213638 0.022157179191708565 -0.06931980699300766 -0.09590823948383331 -0.0925692543387413 -0.11294101178646088 -0.12940463423728943 -0.06110071763396263 0.10679794102907181 0.28284090757369995 0.38369232416152954 0.41408562660217285 0.39066779613494873 0.3404049873352051 0.21804045140743256 0.14521442353725433 0.16339808702468872 9.969209968386869E36 9.969209968386869E36 9.969209968386869E36 9.969209968386869E36 9.969209968386869E36 9.969209968386869E36 9.969209968386869E36 9.969209968386869E36 9.969209968386869E36 9.969209968386869E36 9.969209968386869E36 9.969209968386869E36
0.1267521232366562 0.14993484318256378 0.12358560413122177 0.08831861615180969 0.06715433299541473 0.05905664339661598 0.04122200235724449 0.012162958271801472 -0.013036394491791725 -0.011423681862652302 0.019018881022930145 0.05173546448349953 0.09873301535844803 0.09375974535942078 -0.00469866581261158 -0.09493355453014374 -0.12335845828056335 -0.1407446414232254 -0.21092559397220612 -0.2465059608221054 0.032907988876104355 0.3822673261165619 0.5262743234634399 0.5805019736289978 0.5261445045471191 0.3545020818710327 0.20389989018440247 0.14625540375709534 9.969209968386869E36 9.969209968386869E36 9.969209968386869E36 9.969209968386869E36 9.969209968386869E36 9.969209968386869E36 9.969209968386869E36 9.969209968386869E36 9.969209968386869E36 9.969209968386869E36 9.969209968386869E36 9.969209968386869E36 9.969209968386869E36
0.06761270761489868 0.06151176616549492 0.057960327714681625 0.04110215604305267 0.006467759609222412 -0.012100515887141228 -0.016757499426603317 -0.017011430114507675 -0.02142995595932007 -0.025816185399889946 -0.011778201907873154 -0.005375782959163189 0.020394841209053993 0.0836155042052269 0.09585076570510864 0.007223219145089388 -0.06422028690576553 -0.06223070248961449 -0.11892127245664597 -0.21446242928504944 -0.03779348358511925 0.273415207862854 0.40462779998779297 0.3683047890663147 0.20112384855747223 0.0429161936044693 0.036736421287059784 0.08750516921281815 9.969209968386869E36 9.969209968386869E36 9.969209968386869E36 9.969209968386869E36 9.969209968386869E36 9.969209968386869E36 9.969209968386869E36 9.969209968386869E36 9.969209968386869E36 9.969209968386869E36 9.969209968386869E36 9.969209968386869E36 9.969209968386869E36
0.04383664205670357 0.016292523592710495 -1.99028381757671E-5 -0.005593257024884224 -0.025965062901377678 -0.03735562786459923 -0.033149197697639465 -0.019242824986577034 -0.0072642359882593155 -0.0216413214802742 -0.053884200751781464 -0.07800737023353577 -0.05515308678150177 0.011094372719526291 0.05572102218866348 0.01438095886260271 -0.013792035169899464 0.016636695712804794 -0.020512094721198082 -0.11011612415313721 -0.05302201583981514 0.14702874422073364 0.24165138602256775 0.14260394871234894 0.016634900122880936 0.003565952181816101 0.008101478219032288 9.969209968386869E36 9.969209968386869E36 9.969209968386869E36 9.969209968386869E36 9.969209968386869E36 9.969209968386869E36 9.969209968386869E36 9.969209968386869E36 9.969209968386869E36 9.969209968386869E36 9.969209968386869E36 9.969209968386869E36 9.969209968386869E36 9.969209968386869E36
0.07868000864982605 0.054077908396720886 0.01770571433007717 5.724013899452984E-4 -0.003620303003117442 0.005636317189782858 0.009996360167860985 0.002351141767576337 0.003953692503273487 -0.023035544902086258 -0.06557260453701019 -0.08631650358438492 -0.08431356400251389 -0.03675708919763565 0.03452835604548454 0.06527106463909149 0.05842098221182823 0.02889982797205448 9.969209968386869E36 -0.09843355417251587 -0.14041617512702942 3.787601017393172E-4 0.1025763675570488 0.0489036850631237 0.05731237307190895 0.05484607815742493 0.03887319192290306 9.969209968386869E36 9.969209968386869E36 9.969209968386869E36 9.969209968386869E36 9.969209968386869E36 9.969209968386869E36 9.969209968386869E36 9.969209968386869E36 9.969209968386869E36 9.969209968386869E36 9.969209968386869E36 9.969209968386869E36 9.969209968386869E36 9.969209968386869E36
0.18364110589027405 0.16270063817501068 0.13656020164489746 0.11296133697032928 0.09160461276769638 0.07622817903757095 0.061844345182180405 0.03905146196484566 0.03138052299618721 0.012977709993720055 0.00829288549721241 0.04740256816148758 0.02838314324617386 0.029597686603665352 0.13560427725315094 0.20278583467006683 0.17077389359474182 0.07655347138643265 9.969209968386869E36 9.969209968386869E36 -0.3178699314594269 -0.11471457779407501 0.03552760183811188 -0.030429860576987267 0.004329288844019175 0.04146990180015564 9.969209968386869E36 9.969209968386869E36 9.969209968386869E36 9.969209968386869E36 9.969209968386869E36 9.969209968386869E36 9.969209968386869E36 9.969209968386869E36 9.969209968386869E36 9.969209968386869E36 9.969209968386869E36 9.969209968386869E36 9.969209968386869E36 9.969209968386869E36 9.969209968386869E36
0.28308820724487305 0.2777197062969208 0.2812482416629791 0.2721199691295624 0.25030332803726196 0.22364160418510437 0.19175662100315094 0.13411664962768555 0.08772743493318558 0.05265806242823601 0.021870901808142662 0.08156450092792511 0.1309436410665512 0.19572177529335022 0.3063164949417114 0.30764493346214294 0.21225367486476898 9.969209968386869E36 9.969209968386869E36 9.969209968386869E36 9.969209968386869E36 -0.060314375907182693 0.02140425518155098 -0.019214021041989326 9.969209968386869E36 9.969209968386869E36 9.969209968386869E36 9.969209968386869E36 9.969209968386869E36 9.969209968386869E36 9.969209968386869E36 9.969209968386869E36 9.969209968386869E36 9.969209968386869E36 9.969209968386869E36 9.969209968386869E36 9.969209968386869E36 9.969209968386869E36 9.969209968386869E36 9.969209968386869E36 9.969209968386869E36
0.3378659784793854 0.3248230218887329 0.3205224573612213 0.31225016713142395 0.30058223009109497 0.29358747601509094 0.2803715467453003 0.19872231781482697 0.11840684711933136 0.10108285397291183 0.06920411437749863 0.08623035997152328 0.1406172513961792 0.20183996856212616 0.2392948418855667 0.2517523765563965 0.18937641382217407 9.969209968386869E36 -0.07746993750333786 -0.09294114261865616 0.07667489349842072 0.15815402567386627 0.04740501567721367 0.00565965473651886 9.969209968386869E36 9.969209968386869E36 9.969209968386869E36 9.969209968386869E36 9.969209968386869E36 9.969209968386869E36 9.969209968386869E36 9.969209968386869E36 9.969209968386869E36 9.969209968386869E36 9.969209968386869E36 9.969209968386869E36 9.969209968386869E36 9.969209968386869E36 9.969209968386869E36 9.969209968386869E36 9.969209968386869E36
0.3515370488166809 0.3300867974758148 0.30141741037368774 0.27885642647743225 0.28957921266555786 0.3051886558532715 0.31463712453842163 0.2898201644420624 0.23925550282001495 0.21496866643428802 0.167485773563385 0.11309316009283066 0.0751853957772255 0.08974751830101013 0.1606568545103073 9.969209968386869E36 0.14442309737205505 9.969209968386869E36 -0.00797624234110117 0.0010046953102573752 0.01861017569899559 -0.014859440736472607 -0.02079751342535019 0.012274300679564476 9.969209968386869E36 9.969209968386869E36 9.969209968386869E36 9.969209968386869E36 9.969209968386869E36 9.969209968386869E36 9.969209968386869E36 9.969209968386869E36 9.969209968386869E36 9.969209968386869E36 9.969209968386869E36 9.969209968386869E36 9.969209968386869E36 9.969209968386869E36 9.969209968386869E36 9.969209968386869E36 9.969209968386869E36
0.32100725173950195 0.3116573095321655 0.2974739074707031 0.28633010387420654 0.28967779874801636 0.2935219407081604 0.30927348136901855 0.3084588646888733 0.2977759540081024 0.2770948112010956 0.21848134696483612 0.13468427956104279 0.013188950717449188 -0.12367963045835495 -0.3373832702636719 9.969209968386869E36 -0.027173418551683426 9.969209968386869E36 0.06771817058324814 0.07281985878944397 0.058652155101299286 0.053402479737997055 0.030288171023130417 0.0142979072406888 9.969209968386869E36 9.969209968386869E36 9.969209968386869E36 9.969209968386869E36 9.969209968386869E36 9.969209968386869E36 9.969209968386869E36 9.969209968386869E36 9.969209968386869E36 9.969209968386869E36 9.969209968386869E36 9.969209968386869E36 9.969209968386869E36 9.969209968386869E36 9.969209968386869E36 9.969209968386869E36 9.969209968386869E36
0.29198938608169556 0.255850225687027 0.2833911180496216 0.2764844596385956 0.26109880208969116 0.27487802505493164 0.2943519353866577 0.30026498436927795 0.2903802990913391 0.25808948278427124 0.19398419559001923 0.10177846252918243 -0.09523432701826096 -0.3735582232475281 -0.48211389780044556 -0.3853829801082611 9.969209968386869E36 9.969209968386869E36 9.969209968386869E36 9.969209968386869E36 0.11274543404579163 0.06436647474765778 0.03489324823021889 0.031103286892175674 9.969209968386869E36 9.969209968386869E36 9.969209968386869E36 9.969209968386869E36 9.969209968386869E36 9.969209968386869E36 9.969209968386869E36 9.969209968386869E36 9.969209968386869E36 9.969209968386869E36 9.969209968386869E36 9.969209968386869E36 9.969209968386869E36 9.969209968386869E36 9.969209968386869E36 9.969209968386869E36 0.14610598981380463
0.3147975504398346 0.25171440839767456 0.2835984528064728 0.2697806656360626 0.23171977698802948 0.2399335503578186 0.20102839171886444 0.20883122086524963 0.23979854583740234 0.19433897733688354 0.14044147729873657 0.10102386027574539 -0.005218213424086571 -0.20507368445396423 -0.3805897831916809 -0.42807525396347046 9.969209968386869E36 -0.09585926681756973 0.04011068120598793 0.18809103965759277 0.22766557335853577 0.10389593243598938 0.022741764783859253 0.006567942909896374 9.969209968386869E36 9.969209968386869E36 9.969209968386869E36 9.969209968386869E36 9.969209968386869E36 9.969209968386869E36 9.969209968386869E36 9.969209968386869E36 9.969209968386869E36 9.969209968386869E36 9.969209968386869E36 9.969209968386869E36 9.969209968386869E36 9.969209968386869E36 9.969209968386869E36 9.969209968386869E36 0.24638967216014862
0.20268063247203827 0.14924179017543793 0.15075156092643738 0.13571810722351074 0.10777420550584793 0.13434021174907684 0.08483287692070007 0.10251600295305252 0.12039549648761749 0.07590073347091675 0.07326773554086685 0.0698644295334816 0.08124581724405289 -0.1076379120349884 -0.3598325550556183 -0.48937034606933594 -0.37062951922416687 -0.09356410801410675 0.052438344806432724 0.07254252582788467 0.030127957463264465 -0.013471962884068489 -0.02587236650288105 -0.015333320014178753 9.969209968386869E36 9.969209968386869E36 9.969209968386869E36 9.969209968386869E36 9.969209968386869E36 9.969209968386869E36 9.969209968386869E36 9.969209968386869E36 9.969209968386869E36 9.969209968386869E36 9.969209968386869E36 9.969209968386869E36 9.969209968386869E36 9.969209968386869E36 9.969209968386869E36 0.24032995104789734 0.3113597631454468
0.25043490529060364 0.15336935222148895 0.14117000997066498 0.16415266692638397 0.1176869347691536 0.09457610547542572 0.12160780280828476 0.0423908457159996 -0.02266550622880459 0.0023556614760309458 0.06304919719696045 0.13281112909317017 0.13503770530223846 0.08006598800420761 0.028562171384692192 -0.03989730030298233 -0.10916166007518768 -0.051569968461990356 0.047520868480205536 0.0891876295208931 0.09327276796102524 0.030456051230430603 -0.02059197425842285 -0.013115323148667812 0.0012682296801358461 0.008287040516734123 9.969209968386869E36 9.969209968386869E36 9.969209968386869E36 9.969209968386869E36 9.969209968386869E36 9.969209968386869E36 9.969209968386869E36 9.969209968386869E36 9.969209968386869E36 9.969209968386869E36 9.969209968386869E36 9.969209968386869E36 9.969209968386869E36 0.5373215675354004 0.6024227142333984
0.19903415441513062 0.18050913512706757 0.15295305848121643 0.14181698858737946 0.08950237929821014 0.09236419200897217 0.14388960599899292 0.05158081650733948 -0.059988025575876236 -0.066843181848526 0.06655728816986084 0.23530930280685425 0.26307326555252075 0.26838842034339905 0.292487233877182 0.2764950096607208 0.2307342290878296 0.1761639565229416 0.14516296982765198 0.12647660076618195 0.09677432477474213 0.040051981806755066 -0.0038038298953324556 0.013457272201776505 0.031138978898525238 0.02556162141263485 9.969209968386869E36 9.969209968386869E36 9.969209968386869E36 9.969209968386869E36 9.969209968386869E36 9.969209968386869E36 9.969209968386869E36 9.969209968386869E36 9.969209968386869E36 9.969209968386869E36 9.969209968386869E36 9.969209968386869E36 0.4223618507385254 0.5122507810592651 0.5304931402206421
0.17636936902999878 0.24844777584075928 0.24156831204891205 0.19074882566928864 0.13152560591697693 0.11314930766820908 0.12279654294252396 0.04963298141956329 -0.05080041289329529 0.006347108166664839 0.14440183341503143 0.2885737121105194 0.4286983013153076 0.5023857355117798 0.46564817428588867 0.38376688957214355 0.32927268743515015 0.2763575613498688 0.22128665447235107 0.1671980321407318 0.13043315708637238 0.08539336919784546 0.01956920512020588 0.01775473728775978 0.0422402024269104 0.023613816127181053 9.969209968386869E36 9.969209968386869E36 9.969209968386869E36 9.969209968386869E36 9.969209968386869E36 9.969209968386869E36 9.969209968386869E36 9.969209968386869E36 9.969209968386869E36 9.969209968386869E36 9.969209968386869E36 9.969209968386869E36 0.25785431265830994 0.33215591311454773 0.36505162715911865
0.10380300134420395 0.16558444499969482 0.21225643157958984 0.1822349727153778 0.12574857473373413 0.061691995710134506 0.003496008226647973 0.005546399857848883 0.06515251845121384 0.14988628029823303 0.23599693179130554 0.3296087384223938 0.4257589280605316 0.40593281388282776 0.3085973560810089 0.2645706832408905 0.24901869893074036 0.21495425701141357 0.17570126056671143 0.13904990255832672 0.11481095105409622 0.10911875218153 0.06757057458162308 0.02896454930305481 0.02145450934767723 0.0024280434008687735 9.969209968386869E36 9.969209968386869E36 9.969209968386869E36 9.969209968386869E36 9.969209968386869E36 9.969209968386869E36 9.969209968386869E36 9.969209968386869E36 9.969209968386869E36 9.969209968386869E36 9.969209968386869E36 -0.06863217055797577 0.01619327813386917 0.09839479625225067 0.18205517530441284
0.0416523814201355 0.048290789127349854 0.14208488166332245 0.17899392545223236 0.13876338303089142 0.09885606914758682 0.07196244597434998 0.12277032434940338 0.23953001201152802 0.32058417797088623 0.35137835144996643 0.363192617893219 0.37729138135910034 0.3530624806880951 0.2661985158920288 0.1891622394323349 0.15002575516700745 0.11879592388868332 0.10962008684873581 0.1183793768286705 0.12281648814678192 0.13488978147506714 0.14018361270427704 0.08914634585380554 0.021729156374931335 0.0010131312301382422 -0.0021447509061545134 9.969209968386869E36 9.969209968386869E36 9.969209968386869E36 9.969209968386869E36 9.969209968386869E36 9.969209968386869E36 9.969209968386869E36 9.969209968386869E36 -0.19735172390937805 -0.20234845578670502 -0.18588973581790924 -0.14145006239414215 -0.06817524880170822 0.05984169989824295
