data/Cantabria_V.asc
ncols              119
nrows              83
xllcorner      114.66668701171875
yllcorner      20.5
cellsize           0.08331298828125
NODATA_value   9.969209968386869E36
[rows 36 to 53 of 83, columns 42 to 83 of 119]
0.014060799032449722 -0.024263648316264153 -0.025254128500819206 -0.004362838808447123 0.020574817433953285 0.039901744574308395 0.036218803375959396 0.08898971974849701 0.10017872601747513 0.10207588225603104 0.14302441477775574 0.3107483386993408 0.42855674028396606 0.48384368419647217 0.5028306841850281 0.45871084928512573 0.37044259905815125 0.18878909945487976 0.015490474179387093 3.798565303441137E-4 0.08340783417224884 0.17250335216522217 0.25411075353622437 0.21839387714862823 0.19150316715240479 0.29520395398139954 0.325812429189682 0.26299339532852173 0.15501660108566284 9.969209968386869E36 9.969209968386869E36 9.969209968386869E36 9.969209968386869E36 9.969209968386869E36 9.969209968386869E36 9.969209968386869E36 9.969209968386869E36 9.969209968386869E36 9.969209968386869E36 9.969209968386869E36 9.969209968386869E36 9.969209968386869E36
-0.005632325075566769 -0.05722472071647644 -0.018695874139666557 -0.02543576806783676 -0.006067805457860231 0.04498465359210968 0.11303852498531342 0.13825532793998718 0.12754860520362854 0.08025942742824554 0.14965926110744476 0.36983850598335266 0.456453800201416 0.4614602327346802 0.46289464831352234 0.46825680136680603 0.4185457229614258 0.33604612946510315 0.2811333239078522 0.20080120861530304 0.209954172372818 0.240248441696167 0.2976740896701813 0.22381097078323364 0.1849064975976944 0.32593509554862976 0.309215247631073 0.16811969876289368 0.05723847821354866 9.969209968386869E36 9.969209968386869E36 9.969209968386869E36 9.969209968386869E36 9.969209968386869E36 9.969209968386869E36 9.969209968386869E36 9.969209968386869E36 9.969209968386869E36 9.969209968386869E36 9.969209968386869E36 9.969209968386869E36 9.969209968386869E36
-0.02969711273908615 -0.010280003771185875 0.002884503686800599 0.019633183255791664 0.033839911222457886 0.06760303676128387 0.10594147443771362 0.12158377468585968 0.1079612523317337 0.061502549797296524 0.15653027594089508 0.33566755056381226 0.3800678551197052 0.37871646881103516 0.4133533537387848 0.40001949667930603 0.3270047605037689 0.3730606138706207 0.48169589042663574 0.3229655921459198 0.288284569978714 0.28127655386924744 0.2995246350765228 0.21698401868343353 0.19911335408687592 0.341865599155426 0.19713741540908813 0.09934359043836594 9.969209968386869E36 9.969209968386869E36 9.969209968386869E36 9.969209968386869E36 9.969209968386869E36 9.969209968386869E36 9.969209968386869E36 9.969209968386869E36 9.969209968386869E36 9.969209968386869E36 9.969209968386869E36 9.969209968386869E36 9.969209968386869E36 9.969209968386869E36
-0.0507575199007988 -0.015694759786128998 5.506902234628797E-4 0.023707568645477295 0.02253478206694126 0.030230071395635605 0.07013871520757675 0.09409032016992569 0.10163075476884842 0.0645899772644043 0.1898718923330307 0.30465054512023926 0.2547432482242584 0.1709568053483963 0.25250300765037537 0.2838561236858368 0.2659728229045868 0.37061747908592224 0.5245634317398071 0.41458624601364136 0.4767720103263855 0.4285602271556854 0.3147282004356384 0.1917800009250641 0.19984345138072968 0.22784575819969177 0.09656739234924316 0.07007681578397751 9.969209968386869E36 9.969209968386869E36 9.969209968386869E36 9.969209968386869E36 9.969209968386869E36 9.969209968386869E36 9.969209968386869E36 9.969209968386869E36 9.969209968386869E36 9.969209968386869E36 9.969209968386869E36 9.969209968386869E36 9.969209968386869E36 9.969209968386869E36
-0.028483456000685692 -0.017350872978568077 -0.006223570555448532 0.01385197788476944 0.02144801989197731 0.03117050975561142 0.05429516360163689 0.08322843909263611 0.09058965742588043 0.10407865792512894 0.2572932243347168 0.3347545862197876 0.24482102692127228 0.07092707604169846 0.1813000589609146 0.28199854493141174 0.21811160445213318 0.2414085566997528 0.4359740912914276 0.616209089756012 0.8038100004196167 0.6134592294692993 0.31076285243034363 0.12801004946231842 0.09346234798431396 0.023816635832190514 0.02865796536207199 9.969209968386869E36 9.969209968386869E36 9.969209968386869E36 9.969209968386869E36 9.969209968386869E36 9.969209968386869E36 9.969209968386869E36 9.969209968386869E36 9.969209968386869E36 9.969209968386869E36 9.969209968386869E36 9.969209968386869E36 9.969209968386869E36 9.969209968386869E36 0.18959148228168488
-0.013843617402017117 0.009899793192744255 0.007298862095922232 0.004379584453999996 0.01344591099768877 0.032764505594968796 0.056804023683071136 0.08474956452846527 0.09343348443508148 0.15161821246147156 0.28353047370910645 0.34430935978889465 0.255650132894516 0.1397249847650528 0.18407000601291656 0.2570059299468994 0.14530052244663239 0.0767783671617508 0.307606041431427 0.7437615990638733 1.1526914834976196 0.6732905507087708 0.19755926728248596 -0.07547745108604431 -0.042103927582502365 -0.04376181960105896 -0.01883762702345848 9.969209968386869E36 9.969209968386869E36 9.969209968386869E36 9.969209968386869E36 9.969209968386869E36 9.969209968386869E36 9.969209968386869E36 9.969209968386869E36 9.969209968386869E36 9.969209968386869E36 9.969209968386869E36 9.969209968386869E36 9.969209968386869E36 9.969209968386869E36 0.14714717864990234
-0.01867319643497467 0.0037676203064620495 -0.01595301739871502 -0.021756965667009354 0.004567807074636221 0.028931360691785812 0.06223112717270851 0.09000200033187866 0.08348053693771362 0.1551944613456726 0.2612322270870209 0.3581777811050415 0.29344597458839417 0.18223589658737183 0.19240450859069824 0.2479487508535385 0.1362604796886444 0.10300374031066895 0.10264017432928085 0.8223639130592346 1.3880544900894165 0.5871006846427917 0.03619828447699547 -0.11959214508533478 -1.85729208169505E-4 -0.008443472906947136 9.969209968386869E36 9.969209968386869E36 9.969209968386869E36 9.969209968386869E36 9.969209968386869E36 9.969209968386869E36 9.969209968386869E36 9.969209968386869E36 9.969209968386869E36 9.969209968386869E36 9.969209968386869E36 9.969209968386869E36 9.969209968386869E36 9.969209968386869E36 9.969209968386869E36 0.12336599081754684
-0.01649048551917076 0.0010968047427013516 -0.010263079777359962 -0.009082146920263767 0.005971208214759827 0.020756324753165245 0.05030226707458496 0.08273793756961823 0.04702732712030411 0.09792034327983856 0.15075679123401642 0.26960816979408264 0.21505309641361237 0.12398912012577057 0.17732223868370056 0.2078896462917328 0.06738236546516418 9.969209968386869E36 0.5048789978027344 0.798451840877533 1.4655990600585938 0.40534839034080505 -0.00514854583889246 -0.08935035020112991 -0.010286503471434116 -0.0030129540245980024 9.969209968386869E36 9.969209968386869E36 9.969209968386869E36 9.969209968386869E36 9.969209968386869E36 9.969209968386869E36 9.969209968386869E36 9.969209968386869E36 9.969209968386869E36 9.969209968386869E36 9.969209968386869E36 9.969209968386869E36 9.969209968386869E36 9.969209968386869E36 9.969209968386869E36 0.22185538709163666
-0.09748567640781403 -0.07934238016605377 -0.0593080036342144 -0.04587281495332718 -0.014438214711844921 0.016286594793200493 0.03723323345184326 0.06354755908250809 0.022186122834682465 0.11528155952692032 0.19228994846343994 0.29068857431411743 0.15091432631015778 0.08597786724567413 0.24072469770908356 0.15278998017311096 0.09946524351835251 9.969209968386869E36 9.969209968386869E36 0.47909730672836304 1.4028617143630981 0.2625478506088257 0.08497843146324158 -0.023680876940488815 -0.035751838237047195 9.969209968386869E36 9.969209968386869E36 9.969209968386869E36 9.969209968386869E36 9.969209968386869E36 9.969209968386869E36 9.969209968386869E36 9.969209968386869E36 9.969209968386869E36 9.969209968386869E36 9.969209968386869E36 9.969209968386869E36 9.969209968386869E36 9.969209968386869E36 9.969209968386869E36 9.969209968386869E36 0.38023269176483154
0.009389802813529968 -0.018378963693976402 -0.02125660516321659 -0.048463039100170135 -0.05701832100749016 -0.05046524479985237 -0.01539196353405714 0.0518348403275013 0.006833574268966913 0.1572662591934204 0.28506627678871155 0.38316237926483154 0.183169886469841 0.3891547620296478 0.3829709589481354 -0.03324552997946739 9.969209968386869E36 9.969209968386869E36 9.969209968386869E36 9.969209968386869E36 1.2645773887634277 0.23135776817798615 0.24297986924648285 9.969209968386869E36 9.969209968386869E36 9.969209968386869E36 9.969209968386869E36 9.969209968386869E36 9.969209968386869E36 9.969209968386869E36 9.969209968386869E36 9.969209968386869E36 9.969209968386869E36 9.969209968386869E36 9.969209968386869E36 9.969209968386869E36 9.969209968386869E36 9.969209968386869E36 9.969209968386869E36 9.969209968386869E36 0.42536014318466187 0.5226401090621948
0.03766118362545967 0.025824453681707382 0.012889973819255829 0.006941239349544048 0.027540232986211777 -0.016252800822257996 -0.08820006251335144 -0.01521123293787241 -0.015637418255209923 0.14583365619182587 0.29052600264549255 0.38395068049430847 0.2912548780441284 0.7780002951622009 0.3388459086418152 -0.21708236634731293 9.969209968386869E36 0.01901107467710972 0.5350663661956787 1.0565634965896606 1.1062060594558716 0.29138150811195374 0.2661188542842865 9.969209968386869E36 9.969209968386869E36 9.969209968386869E36 9.969209968386869E36 9.969209968386869E36 9.969209968386869E36 9.969209968386869E36 9.969209968386869E36 9.969209968386869E36 9.969209968386869E36 9.969209968386869E36 9.969209968386869E36 9.969209968386869E36 9.969209968386869E36 9.969209968386869E36 9.969209968386869E36 9.969209968386869E36 0.21954256296157837 0.6698135137557983
0.0296933613717556 0.04224463552236557 0.0415862500667572 0.0470551960170269 0.01553969457745552 -0.008633371442556381 -0.05563255771994591 -0.05564507097005844 0.009252161718904972 0.14740467071533203 0.2562653720378876 0.39056316018104553 0.45854857563972473 0.9984115958213806 9.969209968386869E36 -0.08202674239873886 9.969209968386869E36 -0.09117748588323593 0.13579145073890686 0.6933413147926331 0.8319299221038818 0.2234538048505783 0.22535088658332825 9.969209968386869E36 9.969209968386869E36 9.969209968386869E36 9.969209968386869E36 9.969209968386869E36 9.969209968386869E36 9.969209968386869E36 9.969209968386869E36 9.969209968386869E36 9.969209968386869E36 9.969209968386869E36 9.969209968386869E36 9.969209968386869E36 9.969209968386869E36 9.969209968386869E36 9.969209968386869E36 9.969209968386869E36 0.3909909427165985 0.8092110753059387
0.053211428225040436 0.0585043802857399 0.052542511373758316 0.1006447821855545 0.09221866726875305 0.06202321499586105 0.037474624812603 0.0171133354306221 0.028185874223709106 0.10612155497074127 0.16465875506401062 0.3279869556427002 0.5520079731941223 1.0668936967849731 9.969209968386869E36 -0.07805031538009644 9.969209968386869E36 -0.12769614160060883 0.11924386024475098 0.6820766925811768 0.7358661890029907 0.21465647220611572 0.1565331071615219 9.969209968386869E36 9.969209968386869E36 9.969209968386869E36 9.969209968386869E36 9.969209968386869E36 9.969209968386869E36 9.969209968386869E36 9.969209968386869E36 9.969209968386869E36 9.969209968386869E36 9.969209968386869E36 9.969209968386869E36 9.969209968386869E36 9.969209968386869E36 9.969209968386869E36 9.969209968386869E36 9.969209968386869E36 0.5527878999710083 0.942537784576416
0.07132865488529205 0.11075407266616821 0.08219382166862488 0.12501806020736694 0.11022912710905075 0.1363556832075119 0.12262148410081863 0.09282160550355911 0.06459300965070724 0.0712839737534523 0.0898202434182167 0.2543122470378876 0.6426604390144348 1.0385913848876953 0.830926239490509 9.969209968386869E36 9.969209968386869E36 9.969209968386869E36 9.969209968386869E36 0.6855407357215881 0.601826012134552 0.3023880124092102 0.11874956637620926 9.969209968386869E36 9.969209968386869E36 9.969209968386869E36 9.969209968386869E36 9.969209968386869E36 9.969209968386869E36 9.969209968386869E36 9.969209968386869E36 9.969209968386869E36 9.969209968386869E36 9.969209968386869E36 9.969209968386869E36 9.969209968386869E36 9.969209968386869E36 9.969209968386869E36 9.969209968386869E36 0.6767705082893372 0.7392204999923706 1.0283939838409424
0.036558281630277634 0.1880081593990326 0.0931011289358139 0.19606009125709534 0.1181199699640274 0.12429941445589066 0.1920613944530487 0.18043293058872223 0.1235225647687912 0.12678126990795135 0.10560955852270126 0.16879859566688538 0.482831746339798 0.882283091545105 0.7988804578781128 9.969209968386869E36 0.1706390231847763 0.2072475701570511 0.43871548771858215 0.4568915069103241 0.3942057490348816 0.2379973828792572 0.007463396526873112 9.969209968386869E36 9.969209968386869E36 9.969209968386869E36 9.969209968386869E36 9.969209968386869E36 9.969209968386869E36 9.969209968386869E36 9.969209968386869E36 9.969209968386869E36 9.969209968386869E36 9.969209968386869E36 9.969209968386869E36 9.969209968386869E36 9.969209968386869E36 9.969209968386869E36 9.969209968386869E36 0.4906160533428192 0.9253056049346924 1.035554051399231
-0.00863630510866642 0.1174222081899643 0.05619284138083458 0.25452932715415955 0.15730053186416626 0.07439784705638885 0.21410611271858215 0.17950427532196045 0.19173100590705872 0.20871059596538544 0.19181567430496216 0.16110694408416748 0.24891270697116852 0.5261110067367554 0.4884326457977295 0.361174613237381 0.11509504914283752 0.22667638957500458 0.2888980507850647 0.2840515077114105 0.2575003504753113 0.10017749667167664 -0.11453955620527267 9.969209968386869E36 9.969209968386869E36 9.969209968386869E36 9.969209968386869E36 9.969209968386869E36 9.969209968386869E36 9.969209968386869E36 9.969209968386869E36 9.969209968386869E36 9.969209968386869E36 9.969209968386869E36 9.969209968386869E36 9.969209968386869E36 9.969209968386869E36 9.969209968386869E36 0.7085809707641602 0.709182858467102 1.13542902469635 0.923526406288147
0.10392622649669647 0.04098033532500267 0.024576017633080482 0.2225145846605301 0.18037885427474976 0.06891487538814545 0.31289419531822205 0.18867138028144836 0.2317694127559662 0.29182466864585876 0.238944873213768 0.13656315207481384 0.11552836745977402 0.38085034489631653 0.3985033631324768 0.25940415263175964 0.1855059266090393 0.26709654927253723 0.2981981337070465 0.2633442282676697 0.22240349650382996 0.08575572073459625 -0.1358853578567505 -0.10722890496253967 -0.05739927664399147 9.969209968386869E36 9.969209968386869E36 9.969209968386869E36 9.969209968386869E36 9.969209968386869E36 9.969209968386869E36 9.969209968386869E36 9.969209968386869E36 9.969209968386869E36 9.969209968386869E36 9.969209968386869E36 9.969209968386869E36 9.969209968386869E36 0.6872994899749756 1.1568093299865723 1.0972284078598022 0.6202727556228638
0.11316035687923431 0.029020676389336586 0.061023905873298645 0.1264914721250534 0.12649326026439667 0.06273765116930008 0.2680310606956482 0.17376014590263367 0.2147301286458969 0.14602264761924744 -0.016745727509260178 0.05518277361989021 0.1308336704969406 0.24825452268123627 0.32824599742889404 0.24229994416236877 0.18141713738441467 0.24307310581207275 0.26478368043899536 0.20889057219028473 0.1325434297323227 0.057560693472623825 -0.13268296420574188 -0.08635587990283966 -0.03494008257985115 9.969209968386869E36 9.969209968386869E36 9.969209968386869E36 9.969209968386869E36 9.969209968386869E36 9.969209968386869E36 9.969209968386869E36 9.969209968386869E36 9.969209968386869E36 9.969209968386869E36 9.969209968386869E36 9.969209968386869E36 0.7888355851173401 0.9240853786468506 1.2400612831115723 0.8059958219528198 0.2634517550468445
