data/Cantabria_V.asc
ncols              119
nrows              83
xllcorner      114.66668701171875
yllcorner      20.5
cellsize           0.08331298828125
NODATA_value   9.969209968386869E36
[rows 18 to 35 of 83, columns 42 to 83 of 119]
9.969209968386869E36 9.969209968386869E36 9.969209968386869E36 9.969209968386869E36 9.969209968386869E36 9.969209968386869E36 9.969209968386869E36 9.969209968386869E36 9.969209968386869E36 9.969209968386869E36 9.969209968386869E36 9.969209968386869E36 9.969209968386869E36 9.969209968386869E36 9.969209968386869E36 9.969209968386869E36 9.969209968386869E36 9.969209968386869E36 -0.031241726130247116 -0.03006560541689396 0.01896967552602291 0.014360075816512108 -0.052920617163181305 -0.038472577929496765 0.01636728085577488 0.13800601661205292 0.17683739960193634 0.19874919950962067 0.1968252807855606 0.17975923418998718 0.2135109007358551 0.274855375289917 0.26643553376197815 0.2876512110233307 0.3761080205440521 0.35784754157066345 0.2812727391719818 0.23778189718723297 0.0914817601442337 -0.022176101803779602 -0.08799644559621811 -0.1431838423013687
9.969209968386869E36 9.969209968386869E36 9.969209968386869E36 9.969209968386869E36 9.969209968386869E36 9.969209968386869E36 9.969209968386869E36 9.969209968386869E36 9.969209968386869E36 9.969209968386869E36 9.969209968386869E36 9.969209968386869E36 9.969209968386869E36 9.969209968386869E36 9.969209968386869E36 9.969209968386869E36 9.969209968386869E36 9.969209968386869E36 -0.032271917909383774 -0.026713352650403976 0.023457679897546768 0.06738024950027466 -0.011679834686219692 -0.007053805515170097 0.07588234543800354 0.14888516068458557 0.1630859673023224 0.18340757489204407 0.18756771087646484 0.16858713328838348 0.22021354734897614 0.3033219575881958 0.24141813814640045 0.31847110390663147 0.40132224559783936 0.38897958397865295 0.31497979164123535 0.19828669726848602 0.08665212243795395 -0.026123087853193283 -0.1342046856880188 -0.19545020163059235
9.969209968386869E36 9.969209968386869E36 9.969209968386869E36 9.969209968386869E36 9.969209968386869E36 9.969209968386869E36 9.969209968386869E36 9.969209968386869E36 9.969209968386869E36 9.969209968386869E36 9.969209968386869E36 9.969209968386869E36 9.969209968386869E36 9.969209968386869E36 9.969209968386869E36 9.969209968386869E36 9.969209968386869E36 -0.02541183866560459 -0.029194310307502747 -0.02610756643116474 0.013623937033116817 0.0912676453590393 0.04542611911892891 0.02821323648095131 0.08580656349658966 0.11877813190221786 0.13713188469409943 0.15657368302345276 0.17022107541561127 0.16707487404346466 0.24208621680736542 0.3018249273300171 0.29319390654563904 0.34200307726860046 0.4060684144496918 0.39853936433792114 0.29837846755981445 0.18072295188903809 0.07738907635211945 -0.04539860785007477 -0.1820942461490631 -0.2637443244457245
9.969209968386869E36 9.969209968386869E36 9.969209968386869E36 9.969209968386869E36 9.969209968386869E36 9.969209968386869E36 9.969209968386869E36 9.969209968386869E36 9.969209968386869E36 9.969209968386869E36 9.969209968386869E36 9.969209968386869E36 9.969209968386869E36 9.969209968386869E36 9.969209968386869E36 9.969209968386869E36 9.969209968386869E36 -0.009723738767206669 -0.014393211342394352 -0.004286015406250954 0.017623381689190865 0.1145726814866066 0.12263011187314987 0.09792854636907578 0.0998508483171463 0.10404641181230545 0.10891143232584 0.12747767567634583 0.14650079607963562 0.16678602993488312 0.2501908242702484 0.2683012783527374 0.3051990568637848 0.37731635570526123 0.45642760396003723 0.39788833260536194 0.25744324922561646 0.18332664668560028 0.06955443322658539 -0.05436224862933159 -0.22046270966529846 -0.31024080514907837
9.969209968386869E36 9.969209968386869E36 9.969209968386869E36 9.969209968386869E36 9.969209968386869E36 9.969209968386869E36 9.969209968386869E36 9.969209968386869E36 9.969209968386869E36 9.969209968386869E36 9.969209968386869E36 9.969209968386869E36 9.969209968386869E36 0.013313759118318558 0.019344927743077278 0.018056578934192657 9.969209968386869E36 0.005829961504787207 -6.580365588888526E-4 -0.006195612717419863 0.035259585827589035 0.13831911981105804 0.16903778910636902 0.14168134331703186 0.11494866013526917 0.08978650718927383 0.07819059491157532 0.09225058555603027 0.11678794026374817 0.15947023034095764 0.22660969197750092 0.21198557317256927 0.26682573556900024 0.3613782227039337 0.46291282773017883 0.35565149784088135 0.22897572815418243 0.16243304312229156 0.052506379783153534 -0.06165486201643944 -0.21391868591308594 -0.3236953914165497
9.969209968386869E36 9.969209968386869E36 9.969209968386869E36 9.969209968386869E36 9.969209968386869E36 9.969209968386869E36 9.969209968386869E36 9.969209968386869E36 9.969209968386869E36 9.969209968386869E36 9.969209968386869E36 9.969209968386869E36 0.0020016515627503395 0.005477407481521368 0.028260190039873123 0.020534753799438477 0.006020394619554281 -0.0063977972604334354 -0.0027300503570586443 -4.8732131836004555E-4 0.09845669567584991 0.1895401030778885 0.18308499455451965 0.13881704211235046 0.10616596043109894 0.0704394057393074 0.05191444605588913 0.05276112258434296 0.08127222210168839 0.1660505086183548 0.22810181975364685 0.16634292900562286 0.2938711643218994 0.36444607377052307 0.41468822956085205 0.2732362449169159 0.20777523517608643 0.1317170411348343 0.04093907028436661 -0.04993521422147751 -0.1653183400630951 -0.25176647305488586
9.969209968386869E36 9.969209968386869E36 9.969209968386869E36 9.969209968386869E36 9.969209968386869E36 9.969209968386869E36 9.969209968386869E36 9.969209968386869E36 9.969209968386869E36 9.969209968386869E36 9.969209968386869E36 9.969209968386869E36 0.002012149663642049 0.008286293596029282 0.008949967101216316 0.07599213719367981 -0.01294630765914917 -0.032295238226652145 0.015244929119944572 0.045212000608444214 0.11702442169189453 0.1809568554162979 0.19675546884536743 0.1542506068944931 0.10618437081575394 0.06051023304462433 0.039698902517557144 0.029225893318653107 0.07469017803668976 0.15102039277553558 0.2060171663761139 0.201666921377182 0.4242386221885681 0.3989444077014923 0.33255818486213684 0.21667398512363434 0.18622133135795593 0.09024930000305176 -0.008036256767809391 -0.008639120496809483 -0.09536325186491013 -0.21941383183002472
9.969209968386869E36 9.969209968386869E36 9.969209968386869E36 9.969209968386869E36 9.969209968386869E36 9.969209968386869E36 9.969209968386869E36 9.969209968386869E36 9.969209968386869E36 9.969209968386869E36 9.969209968386869E36 9.969209968386869E36 9.969209968386869E36 9.969209968386869E36 0.0025152701418846846 0.09919730573892593 0.021307894960045815 -0.05469335615634918 0.034731071442365646 0.1287878006696701 0.1866135597229004 0.19597665965557098 0.19353599846363068 0.15322358906269073 0.1031251847743988 0.06002785637974739 0.03066111169755459 0.01022290252149105 0.07917945832014084 0.17199477553367615 0.22458353638648987 0.3592321276664734 0.5083816647529602 0.4229350686073303 0.2746669054031372 0.1287938356399536 0.046106260269880295 0.004795383661985397 0.028263062238693237 0.08630456030368805 -0.04726759344339371 -0.21311703324317932
9.969209968386869E36 9.969209968386869E36 9.969209968386869E36 9.969209968386869E36 9.969209968386869E36 9.969209968386869E36 9.969209968386869E36 9.969209968386869E36 9.969209968386869E36 9.969209968386869E36 0.046435024589300156 0.043013520538806915 0.025644855573773384 0.013130776584148407 0.014989144168794155 0.037290409207344055 0.03469516336917877 0.05894559621810913 0.12413906306028366 0.1867973804473877 0.1856287270784378 0.17185044288635254 0.16976463794708252 0.1458919197320938 0.10819987207651138 0.09085125476121902 0.06646784394979477 0.05516935512423515 0.12038140743970871 0.1839217245578766 0.33537960052490234 0.4542404115200043 0.5025721788406372 0.34805524349212646 0.19304902851581573 0.11589381098747253 0.06449902802705765 0.02091277204453945 0.026472587138414383 9.969209968386869E36 9.969209968386869E36 9.969209968386869E36
9.969209968386869E36 9.969209968386869E36 9.969209968386869E36 9.969209968386869E36 9.969209968386869E36 9.969209968386869E36 9.969209968386869E36 9.969209968386869E36 9.969209968386869E36 9.969209968386869E36 9.969209968386869E36 9.969209968386869E36 0.03855637088418007 0.023504042997956276 0.020659105852246284 0.04025334119796753 0.05312876030802727 0.020112045109272003 0.10412347316741943 0.1381489336490631 0.13387691974639893 0.16605670750141144 0.15277527272701263 0.1588289886713028 0.1579892635345459 0.1712663620710373 0.15263214707374573 0.13956941664218903 0.16569069027900696 0.2604738175868988 0.40659263730049133 0.41971516609191895 0.5542386770248413 0.2611287832260132 0.11555683612823486 5.969288176856935E-4 9.969209968386869E36 9.969209968386869E36 9.969209968386869E36 9.969209968386869E36 9.969209968386869E36 9.969209968386869E36
9.969209968386869E36 9.969209968386869E36 9.969209968386869E36 9.969209968386869E36 9.969209968386869E36 9.969209968386869E36 9.969209968386869E36 9.969209968386869E36 9.969209968386869E36 9.969209968386869E36 0.029585786163806915 0.027283916249871254 0.039268333464860916 0.019613442942500114 0.009790184907615185 0.04941045492887497 0.08000486344099045 0.08818201720714569 0.11787688732147217 0.15902018547058105 0.19216236472129822 0.1703728586435318 0.15090681612491608 0.19317200779914856 0.2108231782913208 0.21295152604579926 0.23634812235832214 0.20873738825321198 0.2077152580022812 0.3203555941581726 0.36912801861763 0.4367928206920624 0.5556356906890869 9.969209968386869E36 9.969209968386869E36 9.969209968386869E36 9.969209968386869E36 9.969209968386869E36 9.969209968386869E36 9.969209968386869E36 9.969209968386869E36 9.969209968386869E36
9.969209968386869E36 9.969209968386869E36 9.969209968386869E36 9.969209968386869E36 9.969209968386869E36 9.969209968386869E36 9.969209968386869E36 9.969209968386869E36 9.969209968386869E36 0.015843363478779793 0.02575325034558773 0.03320924565196037 0.014258160255849361 0.004489353857934475 0.037547964602708817 0.08540932089090347 0.08149641007184982 0.06801348179578781 0.107025146484375 0.1573924720287323 0.1833813637495041 0.1240728572010994 0.1024341881275177 0.17603616416454315 0.21811124682426453 0.25027018785476685 0.26652151346206665 0.25109249353408813 0.29940012097358704 0.33942970633506775 0.37846267223358154 0.4152465760707855 0.34805232286453247 0.3631261885166168 9.969209968386869E36 9.969209968386869E36 9.969209968386869E36 9.969209968386869E36 9.969209968386869E36 9.969209968386869E36 9.969209968386869E36 9.969209968386869E36
9.969209968386869E36 9.969209968386869E36 9.969209968386869E36 9.969209968386869E36 9.969209968386869E36 9.969209968386869E36 9.969209968386869E36 0.00570275541394949 -0.010925205424427986 -0.01038065180182457 0.03193138539791107 0.07245848327875137 0.07648809999227524 0.07163325697183609 0.07145026326179504 0.08238387852907181 0.11485069990158081 0.12388770282268524 0.14213261008262634 0.15014493465423584 0.129985511302948 0.08507926017045975 0.06976034492254257 0.1229238510131836 0.1861068159341812 0.22759391367435455 0.24421682953834534 0.29380789399147034 0.3781820237636566 0.34540241956710815 0.3763893246650696 0.3409193456172943 0.20454807579517365 0.20702527463436127 9.969209968386869E36 9.969209968386869E36 9.969209968386869E36 9.969209968386869E36 9.969209968386869E36 9.969209968386869E36 9.969209968386869E36 9.969209968386869E36
9.969209968386869E36 9.969209968386869E36 9.969209968386869E36 9.969209968386869E36 9.969209968386869E36 9.969209968386869E36 9.969209968386869E36 0.016581371426582336 0.004201250616461039 0.04273092746734619 0.08734152466058731 0.1064169779419899 0.09349308907985687 0.05923416465520859 0.05850629881024361 0.13677704334259033 0.22996537387371063 0.22461733222007751 0.16882753372192383 0.11047493666410446 0.0764392539858818 0.038311127573251724 0.038460977375507355 0.08546590805053711 0.1884184628725052 0.207371324300766 0.24098680913448334 0.3308276832103729 0.37132924795150757 0.32696089148521423 0.3355744481086731 0.2404717206954956 0.07236342877149582 9.969209968386869E36 9.969209968386869E36 9.969209968386869E36 9.969209968386869E36 9.969209968386869E36 9.969209968386869E36 9.969209968386869E36 9.969209968386869E36 9.969209968386869E36
9.969209968386869E36 9.969209968386869E36 9.969209968386869E36 9.969209968386869E36 9.969209968386869E36 9.969209968386869E36 9.969209968386869E36 0.04587966203689575 0.07155852764844894 0.11449071019887924 0.11515863984823227 0.09256778657436371 0.07589787244796753 0.06221934035420418 0.15134833753108978 0.2920263409614563 0.30467113852500916 0.21010065078735352 0.09376183897256851 0.01419239491224289 0.02290305495262146 0.0178328026086092 0.019389672204852104 0.06283485889434814 0.21272875368595123 0.25006112456321716 0.31421172618865967 0.31988024711608887 0.32074567675590515 0.32955488562583923 0.30363696813583374 0.07898534089326859 0.0720069408416748 9.969209968386869E36 9.969209968386869E36 9.969209968386869E36 9.969209968386869E36 9.969209968386869E36 9.969209968386869E36 9.969209968386869E36 9.969209968386869E36 9.969209968386869E36
0.003755114506930113 9.969209968386869E36 9.969209968386869E36 -0.006506302393972874 -0.004919019062072039 9.969209968386869E36 0.0997031182050705 0.09562263637781143 0.1155063807964325 0.08745657652616501 0.07037682831287384 0.09066379815340042 0.1012982577085495 0.1349438726902008 0.2985357940196991 0.38287368416786194 0.29437828063964844 0.14344468712806702 -0.0022757858969271183 -0.04155351594090462 -7.020886987447739E-4 0.012579848989844322 0.03393891453742981 0.054325103759765625 0.22958101332187653 0.31404751539230347 0.30501654744148254 0.2969059646129608 0.3284151554107666 0.34949174523353577 0.1917976438999176 0.13052476942539215 9.969209968386869E36 9.969209968386869E36 9.969209968386869E36 9.969209968386869E36 9.969209968386869E36 9.969209968386869E36 9.969209968386869E36 9.969209968386869E36 9.969209968386869E36 9.969209968386869E36
-2.122610021615401E-4 0.008370720781385899 0.01643126830458641 0.0024998777080327272 -0.006504105869680643 0.05177880823612213 0.1097903698682785 0.15176087617874146 0.11045324802398682 0.059685155749320984 0.062349170446395874 0.12389795482158661 0.18378904461860657 0.2991704046726227 0.41787391901016235 0.4068123698234558 0.24954552948474884 0.050717681646347046 -0.0738089308142662 -0.0716613233089447 -0.007867003791034222 0.02932756207883358 0.033920325338840485 0.0984310433268547 0.25542670488357544 0.3040724992752075 0.2549988031387329 0.3053821623325348 0.33826687932014465 0.23360519111156464 0.04459095746278763 9.969209968386869E36 9.969209968386869E36 9.969209968386869E36 9.969209968386869E36 9.969209968386869E36 9.969209968386869E36 9.969209968386869E36 9.969209968386869E36 9.969209968386869E36 9.969209968386869E36 9.969209968386869E36
0.009367943741381168 0.01653013564646244 9.969209968386869E36 0.011082804761826992 0.015594146214425564 0.06532701849937439 0.06876862794160843 0.08497084677219391 0.05666390061378479 0.06042935326695442 0.10644879192113876 0.20486928522586823 0.3236953914165497 0.41578155755996704 0.4913769066333771 0.37902626395225525 0.22249741852283478 0.03146151825785637 -0.07645763456821442 -0.03199473023414612 0.025522999465465546 0.07138143479824066 0.1404096782207489 0.18475322425365448 0.23254333436489105 0.25358453392982483 0.2734006643295288 0.3060590922832489 0.28222450613975525 0.050896648317575455 9.969209968386869E36 9.969209968386869E36 9.969209968386869E36 9.969209968386869E36 9.969209968386869E36 9.969209968386869E36 9.969209968386869E36 9.969209968386869E36 9.969209968386869E36 9.969209968386869E36 9.969209968386869E36 9.969209968386869E36
