data/Cantabria_U.asc
ncols              119
nrows              83
xllcorner      114.66668701171875
yllcorner      20.5
cellsize           0.08331298828125
NODATA_value   9.969209968386869E36
[rows 57 to 75 of 83, columns 0 to 40 of 119]
0.06199599802494049 0.08767614513635635 0.11171071231365204 0.127400204539299 0.10996289551258087 0.07519720494747162 0.05327170342206955 0.026425104588270187 0.012604504823684692 0.054470647126436234 0.11984387785196304 0.1465635746717453 0.1510348618030548 0.15860964357852936 0.15873830020427704 0.1633703112602234 0.1824883222579956 0.19396458566188812 0.19371798634529114 0.19310413300991058 0.1812284141778946 0.18156911432743073 0.20568060874938965 0.23638874292373657 0.25372472405433655 0.2449895143508911 0.24345780909061432 0.24562621116638184 0.24117012321949005 0.23264165222644806 0.21416226029396057 0.1883368194103241 0.1514432430267334 0.130278542637825 0.13376587629318237 0.12649273872375488 0.09439685940742493 0.0638185441493988 0.049930740147829056 0.05211151763796806 0.052470240741968155
0.09480209648609161 0.0512724444270134 0.0274761151522398 0.038006652146577835 0.06526599824428558 0.08222518116235733 0.09448335319757462 0.11119357496500015 0.1187472715973854 0.11681606620550156 0.1300647109746933 0.15748852491378784 0.16792531311511993 0.17348694801330566 0.18794550001621246 0.20048163831233978 0.2280547320842743 0.25248628854751587 0.2501412034034729 0.24518729746341705 0.22668325901031494 0.2128913402557373 0.23360125720500946 0.2469695657491684 0.26044800877571106 0.26318398118019104 0.2507379651069641 0.2501402795314789 0.23870733380317688 0.21621230244636536 0.1897302269935608 0.16346625983715057 0.13363778591156006 0.11461501568555832 0.1281414031982422 0.14016607403755188 0.11828208714723587 0.08067291229963303 0.05328063294291496 0.04587539657950401 0.04498060420155525
-0.012184731662273407 -0.019869867712259293 -0.01921604573726654 0.015843091532588005 0.06677664816379547 0.09908571094274521 0.11934031546115875 0.1391388177871704 0.1583499014377594 0.17389793694019318 0.2034166157245636 0.24117349088191986 0.25346094369888306 0.24710652232170105 0.24496178328990936 0.24529190361499786 0.25213536620140076 0.2603078782558441 0.24950537085533142 0.2472284585237503 0.24740684032440186 0.2378627359867096 0.25586166977882385 0.26091164350509644 0.2450689822435379 0.23847563564777374 0.2292683720588684 0.2274451106786728 0.2221367061138153 0.209349125623703 0.19852684438228607 0.18729792535305023 0.16615867614746094 0.13223855197429657 0.12060393393039703 0.14433960616588593 0.16229623556137085 0.14208820462226868 0.09032104909420013 0.06055532023310661 0.0783562883734703
-0.09900937974452972 -0.04371936246752739 0.017788518220186234 0.07503093034029007 0.11276128143072128 0.12532486021518707 0.12635934352874756 0.13391906023025513 0.15957054495811462 0.19541232287883759 0.23995503783226013 0.2832105755805969 0.3110012710094452 0.32039743661880493 0.3118964731693268 0.30214306712150574 0.2966777980327606 0.28874021768569946 0.27631914615631104 0.2649545669555664 0.2577619254589081 0.2548168897628784 0.26488593220710754 0.2567461133003235 0.21823041141033173 0.18889500200748444 0.17446216940879822 0.17600269615650177 0.1852930784225464 0.19154292345046997 0.19726544618606567 0.19997923076152802 0.2043222337961197 0.19622169435024261 0.1698228269815445 0.1596815437078476 0.18094129860401154 0.1827688217163086 0.13799616694450378 0.12236204743385315 0.1580362319946289
-0.06880389899015427 -0.012806039303541183 0.054295726120471954 0.10275843739509583 0.13130977749824524 0.1391925811767578 0.13206340372562408 0.13055779039859772 0.15471883118152618 0.18712551891803741 0.2081020027399063 0.2236894965171814 0.24749518930912018 0.2766985595226288 0.28377091884613037 0.27634403109550476 0.27625909447669983 0.28267210721969604 0.2923705577850342 0.2893626391887665 0.26307913661003113 0.22995495796203613 0.20588554441928864 0.17944209277629852 0.14300668239593506 0.1240076869726181 0.12931141257286072 0.14097066223621368 0.14853845536708832 0.14822952449321747 0.15798743069171906 0.17909689247608185 0.19865772128105164 0.21690446138381958 0.2151222825050354 0.1876378208398819 0.18348518013954163 0.16670407354831696 0.11269738525152206 0.1406126618385315 0.21623459458351135
0.0557025782763958 0.07482843846082687 0.0985589325428009 0.1194256842136383 0.13396263122558594 0.1343124955892563 0.13246984779834747 0.13394492864608765 0.13334451615810394 0.1342487782239914 0.13557879626750946 0.13462862372398376 0.14519591629505157 0.17530663311481476 0.19139041006565094 0.18471099436283112 0.1833781749010086 0.19151072204113007 0.19920212030410767 0.1951197385787964 0.17049111425876617 0.1353541910648346 0.10577607899904251 0.0890459418296814 0.07975129783153534 0.07407161593437195 0.07192187011241913 0.07188202440738678 0.07251094281673431 0.07820618897676468 0.10638369619846344 0.1494237184524536 0.18421854078769684 0.20012131333351135 0.1991342157125473 0.1838708519935608 0.18095332384109497 0.160738006234169 0.10417205840349197 0.1051202341914177 0.14589928090572357
0.09266506880521774 0.10523387044668198 0.11614599823951721 0.11970076709985733 0.1200394332408905 0.11667083203792572 0.10913915932178497 0.10824866592884064 0.10832495242357254 0.10206485539674759 0.09952499717473984 0.10124309360980988 0.09687329828739166 0.09387627989053726 0.09339611232280731 0.08531820774078369 0.07699552178382874 0.07514555007219315 0.07716113328933716 0.08520898967981339 0.09197697788476944 0.09485896676778793 0.09314122051000595 0.08362183719873428 0.07074974477291107 0.052978064864873886 0.04223635420203209 0.03774840012192726 0.037104297429323196 0.06412273645401001 0.11222455650568008 0.15117032825946808 0.17054563760757446 0.17113454639911652 0.16475103795528412 0.1506461352109909 0.14011885225772858 0.1308785080909729 0.10370749980211258 0.09942780435085297 0.12187616527080536
0.11184787005186081 0.11173229664564133 0.10772302001714706 0.09436382353305817 0.07949348539113998 0.07597918808460236 0.0774063691496849 0.08537299185991287 0.09743613749742508 0.1024944931268692 0.09839899092912674 0.09290691465139389 0.08693504333496094 0.07620658725500107 0.06407484412193298 0.053038403391838074 0.0426379032433033 0.034505777060985565 0.03151050582528114 0.040205810219049454 0.0562017522752285 0.07093768566846848 0.0830150842666626 0.08304453641176224 0.06491554528474808 0.03729574382305145 0.022118818014860153 0.02326955273747444 0.04185963794589043 0.08762138336896896 0.13407982885837555 0.157522514462471 0.15614719688892365 0.14107874035835266 0.1254524439573288 0.11198581010103226 0.10381007939577103 0.09969856590032578 0.09871158748865128 0.09286949783563614 0.08463694900274277
0.06615746021270752 0.05422964692115784 0.042924877256155014 0.034482263028621674 0.028253359720110893 0.03219326585531235 0.042287375777959824 0.04935392364859581 0.050899337977170944 0.050492528825998306 0.050862204283475876 0.053909141570329666 0.05841333791613579 0.05991826951503754 0.053939130157232285 0.04338965192437172 0.03575630113482475 0.025935357436537743 0.01102134957909584 0.0018374657956883311 0.0017577640246599913 0.007084145676344633 0.020792335271835327 0.038166336715221405 0.04482080787420273 0.04184575006365776 0.04454987123608589 0.06032469496130943 0.0918964371085167 0.12649033963680267 0.1396859735250473 0.13066428899765015 0.11079210788011551 0.08853837847709656 0.06796079874038696 0.05581739917397499 0.057591479271650314 0.06878278404474258 0.07547762244939804 0.06145446375012398 0.030630597844719887
-0.007516053970903158 -0.017704252153635025 -0.025052428245544434 -0.026551907882094383 -0.023503445088863373 -0.019314182922244072 -0.013303842395544052 -0.006746836472302675 -0.004802348557859659 -0.0030007492750883102 0.001734221470542252 0.010090154595673084 0.022900383919477463 0.0333932526409626 0.03526034951210022 0.030031872913241386 0.01834157109260559 -0.0030085816979408264 -0.02660730481147766 -0.04181251302361488 -0.04423048347234726 -0.03978898376226425 -0.029549142345786095 -0.007474611513316631 0.017086325213313103 0.04116915166378021 0.06131598353385925 0.07618653029203415 0.0999055802822113 0.11653183400630951 0.09914693981409073 0.06520484387874603 0.036011312156915665 0.01515274215489626 -0.0014980640262365341 -0.011310853064060211 -0.004346673842519522 0.007846357300877571 0.007181480992585421 -0.010928256437182426 -0.032583072781562805
-0.0749720111489296 -0.07909886538982391 -0.07765155285596848 -0.07221898436546326 -0.06338053941726685 -0.053832050412893295 -0.04267890378832817 -0.029953086748719215 -0.019987205043435097 -0.010751045309007168 -8.912585326470435E-4 0.011700752191245556 0.028117893263697624 0.037844616919755936 0.035802826285362244 0.02344365604221821 0.004086405038833618 -0.018820706754922867 -0.03862229362130165 -0.04691344499588013 -0.04269670695066452 -0.04122546315193176 -0.04274159297347069 -0.03132910653948784 -0.0086145531386137 0.02343377284705639 0.04668772965669632 0.061503782868385315 0.0744004100561142 0.06438831984996796 0.02676447667181492 -0.011350137181580067 -0.03477313742041588 -0.05119215324521065 -0.0629933699965477 -0.06866738945245743 -0.06651493906974792 -0.06816399842500687 -0.07820715010166168 -0.0947408676147461 -0.10644908994436264
-0.11304502934217453 -0.10553921014070511 -0.0913316160440445 -0.07435615360736847 -0.055801913142204285 -0.035248082131147385 -0.014730016700923443 0.0037032400723546743 0.01831991970539093 0.029489126056432724 0.038327135145664215 0.04778865724802017 0.05857546627521515 0.06658735126256943 0.06408669799566269 0.04471112787723541 0.019696911796927452 0.005863765254616737 0.0033432189375162125 0.013048524037003517 0.022724855691194534 0.013324993662536144 -0.008184969425201416 -0.024926267564296722 -0.02632487751543522 -0.008700142614543438 0.008049721829593182 0.022630073130130768 0.025003015995025635 -0.00928332470357418 -0.05211334675550461 -0.07805989682674408 -0.09555525332689285 -0.11144360899925232 -0.12530383467674255 -0.1399150788784027 -0.1511901617050171 -0.1597537249326706 -0.15856154263019562 -0.14440573751926422 -0.12209244072437286
-0.10420520603656769 -0.08637905865907669 -0.0662447065114975 -0.043841078877449036 -0.020511208102107048 0.00498762633651495 0.02958736941218376 0.051700036972761154 0.07052019983530045 0.08573925495147705 0.0977407842874527 0.1053837388753891 0.10815741866827011 0.10949740558862686 0.10171552002429962 0.07699723541736603 0.04308915138244629 0.024670777842402458 0.033824361860752106 0.05385492742061615 0.06564080715179443 0.060315050184726715 0.04104810580611229 0.014260640367865562 -0.01496161799877882 -0.028754189610481262 -0.023495681583881378 -0.02267380990087986 -0.041540227830410004 -0.07835394889116287 -0.11594801396131516 -0.14202183485031128 -0.163744255900383 -0.18712961673736572 -0.20699940621852875 -0.21895621716976166 -0.2160494476556778 -0.19874614477157593 -0.17023997008800507 -0.13359293341636658 -0.09609824419021606
-0.07854016125202179 -0.06459347158670425 -0.049820978194475174 -0.03146893531084061 -0.008383061736822128 0.017143072560429573 0.04136653617024422 0.06798157840967178 0.09567838162183762 0.11866100132465363 0.1355946660041809 0.1474778652191162 0.15313157439231873 0.15224039554595947 0.13953888416290283 0.11298299580812454 0.072381891310215 0.03398551419377327 0.023464959114789963 0.0365925207734108 0.05395989865064621 0.060711149126291275 0.05074533447623253 0.026499547064304352 -0.008972820825874805 -0.04304869845509529 -0.054787326604127884 -0.0728694498538971 -0.11089661717414856 -0.14715412259101868 -0.18475714325904846 -0.2197163850069046 -0.24454320967197418 -0.25921377539634705 -0.26017627120018005 -0.2457125186920166 -0.21940642595291138 -0.1890230029821396 -0.16302275657653809 -0.1390758454799652 -0.10772145539522171
-0.06445509940385818 -0.0651911050081253 -0.05596146732568741 -0.03587350249290466 -0.01219891756772995 0.00964103639125824 0.030728746205568314 0.05725869908928871 0.09007011353969574 0.11966358870267868 0.14284288883209229 0.15773054957389832 0.16529782116413116 0.1663932055234909 0.15776050090789795 0.1412072330713272 0.10484647005796432 0.05448370426893234 0.021105526015162468 0.022796791046857834 0.04169449582695961 0.048568740487098694 0.03670649603009224 0.009647722356021404 -0.03360573947429657 -0.07963384687900543 -0.09670144319534302 -0.1251775622367859 -0.17563559114933014 -0.21550868451595306 -0.2517385184764862 -0.2787040174007416 -0.2882686257362366 -0.28001585602760315 -0.2607751488685608 -0.23861798644065857 -0.2235708236694336 -0.21542371809482574 -0.20246633887290955 -0.17482680082321167 -0.12937872111797333
-0.058498404920101166 -0.05912497267127037 -0.04825819283723831 -0.027188928797841072 -0.006491458974778652 0.007926738820970058 0.020457956939935684 0.044214941561222076 0.07722719013690948 0.10651229321956635 0.12872840464115143 0.14202037453651428 0.14866656064987183 0.1481253206729889 0.14192600548267365 0.13487054407596588 0.11387254297733307 0.07241608202457428 0.04196706414222717 0.04582913964986801 0.05694035813212395 0.04809889942407608 0.018913131207227707 -0.022685078904032707 -0.07158808410167694 -0.10915754735469818 -0.13147544860839844 -0.17468957602977753 -0.2252938598394394 -0.25649258494377136 -0.2772156000137329 -0.28841057419776917 -0.2844531536102295 -0.26999223232269287 -0.2609391212463379 -0.26003366708755493 -0.2609948515892029 -0.2569041848182678 -0.23715215921401978 -0.1959225982427597 -0.1480533629655838
-0.03236975148320198 -0.025219280272722244 -0.013804838061332703 -5.933261709287763E-4 0.008839196525514126 0.01222800463438034 0.019435474649071693 0.03947846591472626 0.06418577581644058 0.08478154242038727 0.10171814262866974 0.10968813300132751 0.11116334050893784 0.10953591018915176 0.10703227669000626 0.10320471972227097 0.09163302928209305 0.06137483939528465 0.046737853437662125 0.06007348746061325 0.05631916597485542 0.025533948093652725 -0.019026754423975945 -0.06569787859916687 -0.10292517393827438 -0.11934859305620193 -0.1477563977241516 -0.20235909521579742 -0.24760210514068604 -0.26851505041122437 -0.2758241891860962 -0.2789653539657593 -0.2767452001571655 -0.27282753586769104 -0.2754482328891754 -0.2808578908443451 -0.28445449471473694 -0.28356683254241943 -0.26727160811424255 -0.23237787187099457 -0.20679929852485657
0.06116228178143501 0.05830817669630051 0.05410239100456238 0.04647564888000488 0.03670933470129967 0.026899738237261772 0.028144562616944313 0.04088699445128441 0.055151861160993576 0.06518818438053131 0.07078038901090622 0.06944524496793747 0.06523454934358597 0.06539218872785568 0.06686021387577057 0.06309179216623306 0.04969419911503792 0.02586345188319683 0.017134327441453934 0.02633359283208847 0.015039575286209583 -0.020581096410751343 -0.06274551898241043 -0.10708031058311462 -0.13288265466690063 -0.14002713561058044 -0.1710980087518692 -0.21825358271598816 -0.252633661031723 -0.26865044236183167 -0.274452805519104 -0.2792205214500427 -0.2806849479675293 -0.2824060320854187 -0.28798022866249084 -0.29505401849746704 -0.3062630295753479 -0.31518587470054626 -0.3031706213951111 -0.27246564626693726 -0.2531677186489105
0.13257229328155518 0.12237115204334259 0.10906031727790833 0.09436551481485367 0.07503458112478256 0.05566319823265076 0.047680798918008804 0.050589703023433685 0.054905783385038376 0.051164012402296066 0.04365183040499687 0.0353601798415184 0.027570361271500587 0.02895336039364338 0.03411152958869934 0.03115386702120304 0.012673876248300076 -0.013844030909240246 -0.02380661852657795 -0.02366207353770733 -0.04117267206311226 -0.0737377405166626 -0.11071715503931046 -0.14900995790958405 -0.1647157073020935 -0.1659056842327118 -0.18926389515399933 -0.22392986714839935 -0.2493034452199936 -0.2613760828971863 -0.26955053210258484 -0.28076687455177307 -0.28453633189201355 -0.2860819399356842 -0.2944169342517853 -0.30616751313209534 -0.32304811477661133 -0.3370802402496338 -0.32818177342414856 -0.30058884620666504 -0.2788619101047516
