data/Cantabria_V.asc
ncols              119
nrows              83
xllcorner      114.66668701171875
yllcorner      20.5
cellsize           0.08331298828125
NODATA_value   9.969209968386869E36
[rows 54 to 71 of 83, columns 0 to 41 of 119]
9.969209968386869E36 9.969209968386869E36 9.969209968386869E36 9.969209968386869E36 9.969209968386869E36 9.969209968386869E36 9.969209968386869E36 9.969209968386869E36 9.969209968386869E36 9.969209968386869E36 9.969209968386869E36 0.006957019679248333 -0.007614573463797569 -0.02230781689286232 9.969209968386869E36 9.969209968386869E36 9.969209968386869E36 -0.09576388448476791 -0.06538565456867218 0.004446070641279221 -0.009376936592161655 -0.05313507840037346 -0.020372331142425537 0.0703483298420906 0.07930995523929596 0.07217603176832199 0.050108831375837326 0.03545491397380829 0.015296779572963715 0.03630273789167404 0.11398451775312424 0.13706019520759583 0.10865333676338196 0.07764685899019241 0.016452156007289886 0.010003532283008099 -0.004350563511252403 -0.003566429950296879 -0.02753600664436817 -0.009850996546447277 0.023833733052015305 0.22075533866882324
-0.021006952971220016 -0.026728026568889618 9.969209968386869E36 9.969209968386869E36 9.969209968386869E36 -0.029660271480679512 -0.05266185104846954 -0.10198277235031128 -0.13385240733623505 9.969209968386869E36 9.969209968386869E36 0.011529810726642609 6.89273583702743E-4 -0.03850703313946724 -0.08081205934286118 -0.1183430626988411 -0.11228999495506287 -0.0935540646314621 -0.10129604488611221 -0.09466617554426193 -0.0833466425538063 -0.04647345468401909 0.01920277811586857 0.06357896327972412 0.06325919181108475 0.02996564656496048 -3.2706191996112466E-4 -0.013776290230453014 -0.018604112789034843 0.0049021984450519085 0.0483325719833374 0.06221245974302292 0.08368857204914093 0.05295013263821602 0.01242745015770197 -0.03750300779938698 -0.05467934161424637 -0.05009603872895241 -0.07121620327234268 -0.040012162178754807 -0.02852262556552887 0.11380726099014282
-0.027204502373933792 -0.02730056643486023 9.969209968386869E36 9.969209968386869E36 -0.01866094209253788 -0.011155077256262302 -0.05799140781164169 -0.08923395723104477 -0.1651330590248108 -0.15438871085643768 -0.0512397326529026 0.03977254405617714 0.0015404484001919627 -0.06804879754781723 -0.10345277190208435 -0.12203656882047653 -0.12714168429374695 -0.10658536106348038 -0.09275281429290771 -0.07168230414390564 -0.03907255455851555 0.017089074477553368 0.05490286648273468 0.06350837647914886 0.041681669652462006 0.040996003895998 2.2962631192058325E-6 -0.00939787644892931 -0.00670979218557477 0.020106667652726173 0.04683031886816025 0.027789199724793434 0.014163412153720856 0.019083037972450256 -0.018811466172337532 -0.05704856663942337 -0.08101371675729752 -0.09071553498506546 -0.08459269255399704 -0.06658953428268433 -0.011344636790454388 -0.02165878191590309
-0.036162909120321274 -0.08312398940324783 -0.09524982422590256 -0.04621477797627449 -0.0074159083887934685 -0.060916345566511154 -0.1160900890827179 -0.11224819719791412 -0.1298224925994873 -0.15117359161376953 -0.08448832482099533 -0.13547490537166595 -0.12593592703342438 -0.11541685461997986 -0.11080195754766464 -0.09750731289386749 -0.09384244680404663 -0.09027537703514099 -0.08065187931060791 -0.0653366893529892 -0.047320783138275146 0.009307938627898693 0.04836434870958328 0.05530479550361633 0.022128988057374954 -0.010124837048351765 0.004704224411398172 -0.003783284453675151 0.008829712867736816 0.016628211364150047 0.009069402702152729 0.0019225510768592358 -0.0011575011303648353 0.0031150805298238993 -0.0332539863884449 -0.0829673707485199 -0.11685444414615631 -0.12322647869586945 -0.12654481828212738 -0.10576936602592468 -0.12440919876098633 -0.07123050093650818
-0.06567404419183731 -0.18227043747901917 -0.16164161264896393 -0.0988851860165596 -0.09730588644742966 -0.098338283598423 -0.11095928400754929 -0.08222285658121109 -0.06404153257608414 -0.07555556297302246 -0.05358850210905075 -0.08805973082780838 -0.08785824477672577 -0.07424107193946838 -0.0722355842590332 -0.06670760363340378 -0.057468902319669724 -0.08276745676994324 -0.08990287035703659 -0.08665677905082703 -0.06103739142417908 0.018910100683569908 0.056610558182001114 0.04767650365829468 0.044251665472984314 0.0072142379358410835 -0.002202480798587203 -0.0044699776917696 -0.021851662546396255 -0.029248110949993134 -0.03230810537934303 -0.03253142163157463 -0.03120321035385132 -0.020703088492155075 -0.03736846521496773 -0.10301581770181656 -0.1490015685558319 -0.14928899705410004 -0.13410380482673645 -0.11203021556138992 -0.1650717854499817 -0.11820177733898163
-0.13288390636444092 -0.2215813249349594 -0.1705542653799057 -0.10158978402614594 -0.06603202223777771 -0.08325991034507751 -0.08767136186361313 -0.07484523206949234 -0.07173887640237808 -0.0494525320827961 -0.03445626050233841 -0.05992788448929787 -0.07575713098049164 -0.08711280673742294 -0.08517976105213165 -0.07375295460224152 -0.07027512788772583 -0.08115348219871521 -0.08528263121843338 -0.07693184912204742 -0.05655323341488838 0.001202956074848771 0.02943757176399231 0.01627597212791443 0.007303967606276274 0.013144531287252903 -0.0014312826097011566 -0.017537619918584824 -0.0418538898229599 -0.05228877812623978 -0.05070468783378601 -0.05400843918323517 -0.05807632580399513 -0.05079153552651405 -0.05243600904941559 -0.09946683049201965 -0.16372793912887573 -0.17095354199409485 -0.15719498693943024 -0.128543883562088 -0.13305345177650452 -0.0678599625825882
-0.15309880673885345 -0.1946907937526703 -0.11304192245006561 -0.056051477789878845 -0.04797159135341644 -0.07086910307407379 -0.08104052394628525 -0.07483797520399094 -0.056579384952783585 -0.03021492250263691 -0.02445661462843418 -0.04374030977487564 -0.05606235936284065 -0.08501503616571426 -0.09661594778299332 -0.09211667627096176 -0.09644068032503128 -0.09384864568710327 -0.09088742733001709 -0.08569768071174622 -0.047096364200115204 0.0019465567311272025 0.009106237441301346 -0.012624445371329784 -0.026660475879907608 -0.02231893129646778 -0.020965401083230972 -0.02801552042365074 -0.044998474419116974 -0.05552198365330696 -0.056554101407527924 -0.0623624287545681 -0.0664820596575737 -0.07420721650123596 -0.08229031413793564 -0.09802492707967758 -0.15467245876789093 -0.21100081503391266 -0.1982201337814331 -0.1017865389585495 -0.058191634714603424 -0.02099713124334812
-0.10643980652093887 -0.11045271158218384 -0.0545513890683651 -0.03209080919623375 -0.04646093770861626 -0.07307074964046478 -0.08307749778032303 -0.06689710915088654 -0.036111410707235336 -0.019340695813298225 -0.024797772988677025 -0.03540751710534096 -0.04051561281085014 -0.06555736809968948 -0.10133177787065506 -0.12011214345693588 -0.11540643870830536 -0.10229110717773438 -0.09374478459358215 -0.09021903574466705 -0.0714634507894516 -0.04710303619503975 -0.05412769690155983 -0.06879940629005432 -0.0608721598982811 -0.035248395055532455 -0.02059568092226982 -0.027180910110473633 -0.046468231827020645 -0.05071272701025009 -0.03754584118723869 -0.03958256170153618 -0.04433274269104004 -0.07269541174173355 -0.1056494489312172 -0.12989704310894012 -0.18320511281490326 -0.26032817363739014 -0.19000476598739624 -0.03717845678329468 0.006281748414039612 -0.014399988576769829
-0.05701275169849396 -0.05220921337604523 -0.0301198847591877 -0.02403462864458561 -0.04500814154744148 -0.07922859489917755 -0.08230828493833542 -0.062297675758600235 -0.0439433716237545 -0.03749873861670494 -0.04248771816492081 -0.05384938791394234 -0.06099445000290871 -0.07486183196306229 -0.10834719240665436 -0.1345958560705185 -0.13372088968753815 -0.1254073530435562 -0.12299513816833496 -0.12490646541118622 -0.115272656083107 -0.09727539867162704 -0.09441236406564713 -0.08442766964435577 -0.06378436088562012 -0.04264146089553833 -0.023881811648607254 -0.032015297561883926 -0.043148428201675415 -0.01660119742155075 0.014597377739846706 0.012177775613963604 -0.01246732659637928 -0.06702639162540436 -0.1126808375120163 -0.1538936346769333 -0.21393327414989471 -0.2835291922092438 -0.16269905865192413 -0.020242050290107727 0.004783816169947386 -0.009704101830720901
-0.03767232969403267 -0.03561577573418617 -0.02693808637559414 -0.03375466912984848 -0.0501471646130085 -0.07766902446746826 -0.08357736468315125 -0.06564520299434662 -0.054469309747219086 -0.05434205383062363 -0.05595264583826065 -0.06054931506514549 -0.07235072553157806 -0.09139768034219742 -0.1224796324968338 -0.1481621265411377 -0.15290577709674835 -0.1377558708190918 -0.12662214040756226 -0.11416397988796234 -0.09883426129817963 -0.0770411342382431 -0.07531470060348511 -0.08217795938253403 -0.08425964415073395 -0.0686224177479744 -0.032386068254709244 -0.037811946123838425 -0.02578160911798477 0.045066747814416885 0.066313236951828 0.04157141223549843 -0.010768263600766659 -0.06626308709383011 -0.10777754336595535 -0.15742738544940948 -0.22133630514144897 -0.2575458586215973 -0.11956971883773804 -0.014640988782048225 0.003557157702744007 -0.013047860935330391
-0.021770261228084564 -0.03412076085805893 -0.03747355192899704 -0.051879171282052994 -0.06483817100524902 -0.07232116162776947 -0.06916675716638565 -0.05476696044206619 -0.04849875345826149 -0.04512426629662514 -0.05024639144539833 -0.06466399878263474 -0.08168438076972961 -0.09371265769004822 -0.11344711482524872 -0.12476221472024918 -0.11898820102214813 -0.1007833331823349 -0.08462996780872345 -0.06738412380218506 -0.06082327291369438 -0.05668255686759949 -0.07608525454998016 -0.10813374817371368 -0.12547068297863007 -0.10083557665348053 -0.046853840351104736 -0.0311354398727417 0.02625082992017269 0.10695096105337143 0.09734536707401276 0.044964466243982315 -0.020679695531725883 -0.07546842843294144 -0.10533104091882706 -0.15069855749607086 -0.19724635779857635 -0.1918562650680542 -0.09847643971443176 -0.04197389632463455 -0.021108465269207954 -0.023523785173892975
-0.036560144275426865 -0.058477360755205154 -0.06224603205919266 -0.06400848925113678 -0.05486750975251198 -0.04678148776292801 -0.04187563806772232 -0.03730315342545509 -0.042787645012140274 -0.041620925068855286 -0.04679453745484352 -0.06257827579975128 -0.08646073192358017 -0.09941025823354721 -0.11157231032848358 -0.11418646574020386 -0.10528115183115005 -0.09646838158369064 -0.08603691309690475 -0.07196836173534393 -0.06347418576478958 -0.06138971075415611 -0.07493232190608978 -0.10944148153066635 -0.1405554562807083 -0.09733142703771591 -0.03955111280083656 6.687548011541367E-4 0.10244449973106384 0.1441766768693924 0.10111454129219055 0.025293927639722824 -0.0498211532831192 -0.09835270047187805 -0.13153448700904846 -0.15565423667430878 -0.17152035236358643 -0.15514925122261047 -0.108497254550457 -0.07958454638719559 -0.04842223599553108 -0.03509705141186714
-0.057348549365997314 -0.06590481847524643 -0.054032761603593826 -0.054505009204149246 -0.03827835991978645 -0.024900810793042183 -0.02609916403889656 -0.03142605721950531 -0.037284307181835175 -0.03795454278588295 -0.04416394606232643 -0.055420905351638794 -0.07763418555259705 -0.09600812196731567 -0.1041269302368164 -0.11518759280443192 -0.11533359438180923 -0.11284210532903671 -0.09768014401197433 -0.07968011498451233 -0.06074381619691849 -0.060603927820920944 -0.05876041203737259 -0.07710595428943634 -0.10784432291984558 -0.06869423389434814 -0.038628414273262024 0.04120274633169174 0.13598772883415222 0.12307769805192947 0.0461999848484993 -0.020112238824367523 -0.07998468726873398 -0.12979795038700104 -0.15178292989730835 -0.15483435988426208 -0.17108593881130219 -0.15035787224769592 -0.10121628642082214 -0.06838350743055344 -0.05519593507051468 -0.06631974875926971
-0.06324667483568192 -0.058453649282455444 -0.045319344848394394 -0.03410932049155235 -0.026055458933115005 -0.0164363831281662 -0.02150440216064453 -0.028147349134087563 -0.03503059595823288 -0.026466218754649162 -0.023877350613474846 -0.029124505817890167 -0.051853884011507034 -0.08364744484424591 -0.108683280646801 -0.1313682347536087 -0.13540230691432953 -0.1370730847120285 -0.11418574303388596 -0.07794798165559769 -0.04960961267352104 -0.04915717616677284 -0.04050755500793457 -0.03986163064837456 -0.0533701553940773 -0.029413828626275063 -0.007905500940978527 0.0696379616856575 0.11499767750501633 0.0668344795703888 -0.006159038282930851 -0.06162460520863533 -0.10797660052776337 -0.146495059132576 -0.16607624292373657 -0.1567174345254898 -0.1380595713853836 -0.10815198719501495 -0.09144987910985947 -0.09203032404184341 -0.07647421956062317 -0.0689128115773201
-0.05879175290465355 -0.04534376785159111 -0.034365344792604446 -0.017430303618311882 -0.014177140779793262 -0.005014015361666679 -0.0051359981298446655 -0.011622443795204163 -0.016453508287668228 -0.006631898693740368 -0.004573516082018614 -0.011102981865406036 -0.03269650787115097 -0.06702430546283722 -0.09688270092010498 -0.12780696153640747 -0.15006710588932037 -0.14067959785461426 -0.09829762578010559 -0.050057508051395416 -0.04514547437429428 -0.06314264982938766 -0.05546010658144951 -0.022619521245360374 -0.004378910176455975 0.012423955835402012 0.021372541785240173 0.1277170181274414 0.10491090267896652 0.0067291297018527985 -0.06724625080823898 -0.11160826683044434 -0.1451897770166397 -0.15651242434978485 -0.1533219963312149 -0.1259983330965042 -0.11881966143846512 -0.11471813172101974 -0.09652233868837357 -0.08102038502693176 -0.06334575265645981 -0.045724738389253616
-0.04192003607749939 -0.029776178300380707 -0.01418569590896368 0.0011524561559781432 0.007771342061460018 0.017195748165249825 0.016962843015789986 0.013841995038092136 0.008949448354542255 0.013751800172030926 0.014104923233389854 0.001011064974591136 -0.024465978145599365 -0.05883638188242912 -0.11238434165716171 -0.14464695751667023 -0.1542055755853653 -0.12522555887699127 -0.07868429273366928 -0.05471538007259369 -0.05696248263120651 -0.07481452077627182 -0.0792052149772644 -0.04506120830774307 0.0029028484132140875 0.025329019874334335 0.05992015078663826 0.11596877127885818 0.03596841171383858 -0.05759299919009209 -0.10908002406358719 -0.13120143115520477 -0.15235701203346252 -0.14577718079090118 -0.15037229657173157 -0.1365463137626648 -0.11975713074207306 -0.10171416401863098 -0.07691673934459686 -0.04459235444664955 -0.01577691361308098 0.00641085859388113
-0.03252051770687103 -0.020780200138688087 6.666762637905777E-4 0.01566733978688717 0.03119293600320816 0.04110660403966904 0.04509259760379791 0.048957012593746185 0.045604728162288666 0.04366694763302803 0.037322964519262314 0.021349646151065826 -0.02131771109998226 -0.06348294764757156 -0.12336178869009018 -0.17236508429050446 -0.17630231380462646 -0.12674075365066528 -0.06894797831773758 -0.041578665375709534 -0.04747931659221649 -0.07020458579063416 -0.09263049811124802 -0.08573329448699951 -0.027181850746273994 0.012562355026602745 0.09011083096265793 0.0771695077419281 -0.02204316481947899 -0.09526050090789795 -0.12443273514509201 -0.1405375748872757 -0.16351822018623352 -0.1581006497144699 -0.15332269668579102 -0.13231511414051056 -0.09883751720190048 -0.05966224521398544 -0.02109808288514614 0.011753466911613941 0.028869692236185074 0.04096264764666557
-0.03527088835835457 -0.010796441696584225 0.015624864026904106 0.03496208414435387 0.048386529088020325 0.06394091993570328 0.07529927045106888 0.08828099071979523 0.08841151744127274 0.08024311810731888 0.05847284570336342 0.024814294651150703 -0.024205118417739868 -0.08054167777299881 -0.13747292757034302 -0.19680900871753693 -0.21606990694999695 -0.1525128036737442 -0.07049989700317383 -0.025080598890781403 -0.0399484746158123 -0.0789053663611412 -0.11419110745191574 -0.11952555179595947 -0.06137319654226303 -0.013755367137491703 0.08407717198133469 0.011575679294764996 -0.07943666726350784 -0.12903033196926117 -0.15385356545448303 -0.1663995236158371 -0.1733293980360031 -0.15907014906406403 -0.13472606241703033 -0.09498994797468185 -0.0557672344148159 -0.02234761044383049 0.006178761832416058 0.03246106579899788 0.05107911676168442 0.06420378386974335
