data/Cantabria_U.asc
ncols              119
nrows              83
xllcorner      114.66668701171875
yllcorner      20.5
cellsize           0.08331298828125
NODATA_value   9.969209968386869E36
[rows 57 to 75 of 83, columns 41 to 81 of 119]
0.03277378901839256 0.01407044380903244 0.07579236477613449 0.18169087171554565 0.24984999001026154 0.3285655975341797 0.4178510308265686 0.4853900969028473 0.5020582675933838 0.45537129044532776 0.3867666721343994 0.32688048481941223 0.2804238498210907 0.2314547896385193 0.1620582640171051 0.09646692872047424 0.06722555309534073 0.07892477512359619 0.10820429772138596 0.1288706362247467 0.13497033715248108 0.14060212671756744 0.16640932857990265 0.16548725962638855 0.09391941130161285 0.018467916175723076 -0.004352005664259195 0.005121912341564894 9.969209968386869E36 9.969209968386869E36 9.969209968386869E36 9.969209968386869E36 9.969209968386869E36 9.969209968386869E36 9.969209968386869E36 -0.18656976521015167 -0.18042652308940887 -0.18525724112987518 -0.18452703952789307 -0.1302035003900528 1.1256079596932977E-4
0.04324835538864136 0.047747645527124405 0.08477043360471725 0.14543503522872925 0.20730631053447723 0.30394190549850464 0.3925212323665619 0.4012333154678345 0.3491870164871216 0.2820983827114105 0.2251623272895813 0.18441414833068848 0.15937037765979767 0.13488471508026123 0.10162394493818283 0.06148513779044151 0.052853092551231384 0.08531267940998077 0.11071547865867615 0.11531494557857513 0.10954155772924423 0.1107357069849968 0.12660956382751465 0.16739535331726074 0.16186225414276123 0.057850707322359085 0.0017400160431861877 0.00338108092546463 -0.02498326078057289 9.969209968386869E36 9.969209968386869E36 9.969209968386869E36 9.969209968386869E36 9.969209968386869E36 9.969209968386869E36 -0.18102899193763733 -0.17908360064029694 -0.17789755761623383 -0.18399114906787872 -0.138422429561615 -0.008818422444164753
0.11369192600250244 0.14562880992889404 0.16527853906154633 0.1933308094739914 0.23340296745300293 0.2822246551513672 0.32155242562294006 0.3109803795814514 0.267757385969162 0.22051717340946198 0.1805206537246704 0.14655020833015442 0.10797817260026932 0.069009929895401 0.0419926643371582 0.03749949112534523 0.056938596069812775 0.08193028718233109 0.08743866533041 0.07455462962388992 0.058197151869535446 0.056166570633649826 0.07083979994058609 0.11343180388212204 0.16353453695774078 0.13299836218357086 0.04256037250161171 -0.02302156575024128 -0.03417634591460228 -0.03835029527544975 9.969209968386869E36 9.969209968386869E36 9.969209968386869E36 9.969209968386869E36 -0.12972454726696014 -0.16638392210006714 -0.16844788193702698 -0.14557620882987976 -0.16012002527713776 -0.13600745797157288 -0.027905309572815895
0.18230833113193512 0.1838836967945099 0.1828954964876175 0.1911240816116333 0.20249377191066742 0.2052137851715088 0.20153526961803436 0.18483193218708038 0.14501796662807465 0.10840276628732681 0.09076697379350662 0.06719709187746048 0.037076685577631 0.02368602156639099 0.026725612580776215 0.050387702882289886 0.076746866106987 0.076446533203125 0.0558270663022995 0.023824645206332207 -0.0059089879505336285 -0.021305540576577187 -0.01608365774154663 0.02190714329481125 0.09844661504030228 0.1663649082183838 0.16970375180244446 0.10539543628692627 0.002380955498665571 -0.009868930093944073 0.03236202523112297 9.969209968386869E36 9.969209968386869E36 9.969209968386869E36 -0.10561242699623108 -0.11211612820625305 -0.09075397253036499 -0.07597039639949799 -0.10783742368221283 -0.10964477062225342 -0.009856277145445347
0.21932664513587952 0.1684042513370514 0.13820530474185944 0.13686507940292358 0.12724998593330383 0.11066318303346634 0.09008368104696274 0.07016021758317947 0.054905153810977936 0.053778164088726044 0.0652221217751503 0.07227959483861923 0.07149545848369598 0.06982932239770889 0.08297262340784073 0.09868243336677551 0.09677943587303162 0.06993699818849564 0.018877290189266205 -0.044055625796318054 -0.10793646425008774 -0.1440696120262146 -0.12993350625038147 -0.0804007351398468 9.7739533521235E-4 0.10817217081785202 0.19500230252742767 0.2376495897769928 0.2071434110403061 0.09858886152505875 0.06647073477506638 0.09953708201646805 9.969209968386869E36 9.969209968386869E36 -0.05529002472758293 -0.023513557389378548 0.02281143143773079 0.030935591086745262 0.0024627503007650375 -0.017357997596263885 0.04774832725524902
0.14053264260292053 0.11388954520225525 0.10063101351261139 0.0883190780878067 0.0663151890039444 0.04261220619082451 0.027631785720586777 0.024128643795847893 0.029374120756983757 0.03900327906012535 0.05288826301693916 0.07497773319482803 0.1018696054816246 0.12230182439088821 0.1308593451976776 0.118489108979702 0.08237437903881073 0.02868432179093361 -0.04101456701755524 -0.12679371237754822 -0.19880042970180511 -0.21822935342788696 -0.20004592835903168 -0.17099426686763763 -0.1162119209766388 -0.023140108212828636 0.08860371261835098 0.1955212950706482 0.25659486651420593 0.2336186319589615 0.1802019625902176 0.15669919550418854 9.969209968386869E36 9.969209968386869E36 -0.006417525466531515 0.05200670287013054 0.14007668197155 0.18499597907066345 0.17993652820587158 0.1327386051416397 0.12682288885116577
0.14248324930667877 0.13677532970905304 0.09751256555318832 0.04777853935956955 0.010817242786288261 -0.006157089956104755 -0.013998427428305149 -0.009610284119844437 0.006024191156029701 0.027869759127497673 0.050926972180604935 0.07389888167381287 0.09496016800403595 0.10403945297002792 0.09215914458036423 0.05904598906636238 0.013079600408673286 -0.03825198486447334 -0.09953183680772781 -0.16056202352046967 -0.17093779146671295 -0.10553999245166779 -0.04920777305960655 -0.06505080312490463 -0.10287794470787048 -0.10514306277036667 -0.04869909584522247 0.04344622418284416 0.13969141244888306 0.2057703584432602 0.20745432376861572 0.19283203780651093 9.969209968386869E36 9.969209968386869E36 0.012200609780848026 0.0934101864695549 0.23961728811264038 0.36784398555755615 0.4231444299221039 0.38874173164367676 0.28344088792800903
0.08334731310606003 0.060156796127557755 0.020723197609186172 -0.009055858477950096 -0.033140137791633606 -0.04681353643536568 -0.04824581742286682 -0.03861745074391365 -0.024766908958554268 -0.012277108617126942 8.383761451113969E-5 0.011656925082206726 0.017369482666254044 0.010990566574037075 -0.006400114856660366 -0.025942467153072357 -0.05052592232823372 -0.0844370648264885 -0.12369827181100845 -0.14299190044403076 -0.10148381441831589 -0.03804527595639229 -0.013109227642416954 -0.017328733578324318 -0.030864384025335312 -0.04320647194981575 -0.03598341718316078 -0.007876505143940449 0.03458225354552269 0.09491204470396042 0.156980961561203 0.35581499338150024 9.969209968386869E36 9.969209968386869E36 0.08422359079122543 0.14685188233852386 0.4149891436100006 0.6408215165138245 0.7229459285736084 0.6512556076049805 0.6146794557571411
0.005253715440630913 -0.012901568785309792 -0.03351703658699989 -0.05366327241063118 -0.06862494349479675 -0.07708999514579773 -0.08053967356681824 -0.07853207737207413 -0.07134347409009933 -0.059323642402887344 -0.04891287907958031 -0.044856179505586624 -0.0504528172314167 -0.06462087482213974 -0.07615281641483307 -0.0806843489408493 -0.0920461043715477 -0.1133018359541893 -0.12849189341068268 -0.120213083922863 -0.08336867392063141 -0.08180374652147293 -0.13730068504810333 -0.17996130883693695 -0.182373508810997 -0.1537124216556549 -0.10293097048997879 -0.02275194227695465 0.03867943957448006 0.0915248766541481 0.26390352845191956 0.6179452538490295 9.969209968386869E36 9.969209968386869E36 0.5184169411659241 0.5669108033180237 0.8135275840759277 0.9502725601196289 0.9472283720970154 0.8525124788284302 0.6835328340530396
-0.05112902820110321 -0.06817276030778885 -0.07937970757484436 -0.08508475869894028 -0.08637537807226181 -0.08565185219049454 -0.08424323797225952 -0.0837024673819542 -0.08098754286766052 -0.07101792097091675 -0.061434946954250336 -0.06072281301021576 -0.07241092622280121 -0.09379163384437561 -0.1096726581454277 -0.11453690379858017 -0.12590332329273224 -0.14334183931350708 -0.13713009655475616 -0.10091672837734222 -0.08655264973640442 -0.13885091245174408 -0.21852652728557587 -0.2592492997646332 -0.2366669923067093 -0.15990078449249268 -0.07583654671907425 0.04916101321578026 0.1420951634645462 0.24469991028308868 0.3894195556640625 0.6916566491127014 0.9401428699493408 0.9024998545646667 0.8935316205024719 0.9519017338752747 1.0046319961547852 1.0014551877975464 0.9301769733428955 0.8254836797714233 0.7283228039741516
-0.10480266064405441 -0.09557909518480301 -0.08235333114862442 -0.06857191026210785 -0.05565861612558365 -0.04534095153212547 -0.03928167372941971 -0.03982719033956528 -0.04457917436957359 -0.046855464577674866 -0.048424821346998215 -0.053828973323106766 -0.06282573938369751 -0.08738388866186142 -0.1253238469362259 -0.1519211083650589 -0.16898846626281738 -0.17285947501659393 -0.14290420711040497 -0.09752286225557327 -0.10255316644906998 -0.15542712807655334 -0.19578807055950165 -0.19459713995456696 -0.12830208241939545 -0.013022927567362785 0.10135770589113235 0.22494113445281982 0.3283163905143738 0.4451105296611786 0.5091784596443176 0.6623653173446655 0.9061304926872253 0.9683741927146912 0.9320142269134521 0.8896503448486328 0.8614583015441895 0.8269141316413879 0.7592682242393494 0.6901642680168152 0.6538037657737732
-0.09339424967765808 -0.06199578940868378 -0.03198137506842613 -0.005905441474169493 0.01603403128683567 0.03132828697562218 0.035920217633247375 0.028961535543203354 0.01433531939983368 -0.0019648491870611906 -0.02133764885365963 -0.044762853533029556 -0.05827731266617775 -0.07682211697101593 -0.12762513756752014 -0.17814461886882782 -0.19810932874679565 -0.18443632125854492 -0.13363026082515717 -0.09947025775909424 -0.12706516683101654 -0.16861110925674438 -0.17912878096103668 -0.1394931524991989 -0.041883401572704315 0.07053212821483612 0.17702102661132812 0.28546881675720215 0.3900083899497986 0.5005834698677063 0.582197904586792 0.6644846200942993 0.7678662538528442 0.8115071058273315 0.7845295667648315 0.7273970246315002 0.6690367460250854 0.622407853603363 0.5802527666091919 0.5521446466445923 0.5589394569396973
-0.0596436932682991 -0.02274831384420395 0.009691664949059486 0.03546437993645668 0.054902490228414536 0.06676793098449707 0.0693468376994133 0.06169230118393898 0.048270221799612045 0.031252942979335785 0.004823453724384308 -0.028551515191793442 -0.054428912699222565 -0.07054636627435684 -0.10631822794675827 -0.15476928651332855 -0.17583419382572174 -0.16390138864517212 -0.12217977643013 -0.10925218462944031 -0.14958874881267548 -0.18141567707061768 -0.1731346845626831 -0.10709375143051147 -0.01486660074442625 0.06812191009521484 0.1560627520084381 0.24986588954925537 0.3370131552219391 0.4127281904220581 0.47652366757392883 0.5291962027549744 0.5690224170684814 0.5786700248718262 0.5482609272003174 0.49585166573524475 0.45325392484664917 0.4435267150402069 0.46301981806755066 0.4768659174442291 0.49155932664871216
-0.0658559650182724 -0.024367276579141617 0.006065795198082924 0.028080226853489876 0.040603943169116974 0.042382631450891495 0.03976759687066078 0.03378145396709442 0.025159502401947975 0.014709270559251308 -0.00332854175940156 -0.02883920818567276 -0.05781266465783119 -0.07549842447042465 -0.0918378233909607 -0.12119991332292557 -0.13789932429790497 -0.12958548963069916 -0.10445033758878708 -0.11181290447711945 -0.1556096374988556 -0.17378419637680054 -0.14498481154441833 -0.09393613040447235 -0.04564908519387245 0.008860057219862938 0.07597218453884125 0.14194971323013306 0.19508357346057892 0.2315576672554016 0.25702333450317383 0.2787363827228546 0.29218488931655884 0.2888302206993103 0.277477502822876 0.2868006229400635 0.3321242034435272 0.39581388235092163 0.4391750693321228 0.4406988322734833 0.4181945323944092
-0.07948567718267441 -0.04925573244690895 -0.03941058740019798 -0.03348441794514656 -0.03382676839828491 -0.039931152015924454 -0.041008081287145615 -0.0407651849091053 -0.04385819286108017 -0.049690548330545425 -0.05750945955514908 -0.06824582815170288 -0.08622873574495316 -0.09774206578731537 -0.10470056533813477 -0.11698123812675476 -0.12056849151849747 -0.10767896473407745 -0.09895677864551544 -0.12407154589891434 -0.15939971804618835 -0.16533949971199036 -0.1485537737607956 -0.12695962190628052 -0.11065670102834702 -0.08930423110723495 -0.058389805257320404 -0.02722887694835663 0.00280801416374743 0.022550079971551895 0.04054631292819977 0.06962357461452484 0.09280584007501602 0.10882291197776794 0.1542186737060547 0.23264065384864807 0.3114011883735657 0.36246010661125183 0.3545422852039337 0.3060414791107178 0.28917235136032104
-0.1258498728275299 -0.1380295753479004 -0.15662257373332977 -0.166397824883461 -0.17144159972667694 -0.1672409325838089 -0.15653246641159058 -0.14768145978450775 -0.13904279470443726 -0.13501892983913422 -0.1311475932598114 -0.12461794912815094 -0.12699811160564423 -0.12806130945682526 -0.12623555958271027 -0.12099234759807587 -0.1131664589047432 -0.10066670179367065 -0.10169321298599243 -0.12855581939220428 -0.1442943960428238 -0.14316214621067047 -0.154058039188385 -0.177128866314888 -0.19603902101516724 -0.20589306950569153 -0.20411179959774017 -0.18609267473220825 -0.15387587249279022 -0.12031598389148712 -0.06939591467380524 -0.01263102050870657 0.03462374210357666 0.08808502554893494 0.15032662451267242 0.21276485919952393 0.26021939516067505 0.2647131681442261 0.20839908719062805 0.164544939994812 0.18268485367298126
-0.21519790589809418 -0.24281682074069977 -0.2680894136428833 -0.2862282395362854 -0.28768473863601685 -0.2601411044597626 -0.22441191971302032 -0.20995354652404785 -0.20295923948287964 -0.199713334441185 -0.18786755204200745 -0.1593695729970932 -0.14889751374721527 -0.14528919756412506 -0.13373832404613495 -0.12594641745090485 -0.10999324172735214 -0.10193036496639252 -0.11264906078577042 -0.11858540028333664 -0.12127424776554108 -0.13412950932979584 -0.16392354667186737 -0.21234215795993805 -0.26664093136787415 -0.300202339887619 -0.31284812092781067 -0.300575852394104 -0.2601776421070099 -0.20494294166564941 -0.13147039711475372 -0.04887581989169121 0.03182452917098999 0.09512963891029358 0.13676157593727112 0.17033396661281586 0.192742720246315 0.17529505491256714 0.11571051180362701 0.08260059356689453 0.076305091381073
-0.2620243728160858 -0.28171849250793457 -0.28814777731895447 -0.2683933675289154 -0.20484229922294617 -0.12895382940769196 -0.09317443519830704 -0.10362762212753296 -0.1315663605928421 -0.15548421442508698 -0.16036294400691986 -0.14922256767749786 -0.15087281167507172 -0.15447428822517395 -0.14932960271835327 -0.1349937468767166 -0.12101175636053085 -0.12161781638860703 -0.12002388387918472 -0.1057492047548294 -0.0977693498134613 -0.11910616606473923 -0.16635476052761078 -0.23124510049819946 -0.3039824664592743 -0.35671523213386536 -0.38121548295021057 -0.3737037777900696 -0.32657596468925476 -0.2537720203399658 -0.17172519862651825 -0.08469435572624207 3.2019184436649084E-4 0.06382737308740616 0.10542033612728119 0.13240621984004974 0.14796452224254608 0.13034987449645996 0.060042258352041245 -0.017948830500245094 -0.067413829267025
-0.27486616373062134 -0.2787057161331177 -0.2672092318534851 -0.21626609563827515 -0.1429111659526825 -0.10136115550994873 -0.10190430283546448 -0.12162163108587265 -0.13874319195747375 -0.1566605120897293 -0.17896515130996704 -0.19059014320373535 -0.20188511908054352 -0.20338089764118195 -0.184669628739357 -0.16478331387043 -0.1544596254825592 -0.1468406617641449 -0.12553493678569794 -0.09522830694913864 -0.07853931188583374 -0.0974871814250946 -0.1477733999490738 -0.21979886293411255 -0.3003470301628113 -0.3644527196884155 -0.40341922640800476 -0.4071364402770996 -0.3640200197696686 -0.2787182033061981 -0.18789789080619812 -0.11652788519859314 -0.05034435912966728 0.010245122946798801 0.05318982154130936 0.0822659432888031 0.09926378726959229 0.0898069217801094 -0.0021921785082668066 -0.12237130105495453 -0.1825353056192398
