data/Cantabria_V.asc
ncols              119
nrows              83
xllcorner      114.66668701171875
yllcorner      20.5
cellsize           0.08331298828125
NODATA_value   9.969209968386869E36
[rows 54 to 71 of 83, columns 42 to 83 of 119]
0.13641080260276794 0.036861851811409 0.050536252558231354 0.07153311371803284 0.12349265813827515 0.1107511967420578 0.1295539289712906 0.10985546559095383 0.15080976486206055 0.1227271780371666 0.08324272930622101 -0.02995763160288334 0.011966985650360584 0.2730163335800171 0.28767985105514526 0.19744156301021576 0.16648264229297638 0.19908465445041656 0.19947288930416107 0.1589183509349823 0.06885988265275955 0.036558784544467926 -0.09341799467802048 -0.13096021115779877 -0.023811232298612595 9.969209968386869E36 9.969209968386869E36 9.969209968386869E36 9.969209968386869E36 9.969209968386869E36 9.969209968386869E36 9.969209968386869E36 9.969209968386869E36 9.969209968386869E36 9.969209968386869E36 9.969209968386869E36 9.969209968386869E36 0.6490912437438965 0.8902621269226074 1.163902759552002 0.4128081202507019 -0.028565580025315285
0.17711807787418365 0.10314629971981049 0.10152902454137802 0.09533432871103287 0.13457730412483215 0.11201109737157822 0.1369173377752304 0.10303255170583725 0.22584772109985352 0.22576600313186646 0.20134082436561584 0.1417001485824585 0.06903283298015594 0.036432258784770966 0.13063351809978485 0.18259863555431366 0.18859414756298065 0.18794625997543335 0.15522058308124542 0.11381418257951736 0.016710923984646797 -0.033128101378679276 -0.10122150927782059 -0.18327157199382782 -0.06356503814458847 9.969209968386869E36 9.969209968386869E36 9.969209968386869E36 9.969209968386869E36 9.969209968386869E36 9.969209968386869E36 9.969209968386869E36 9.969209968386869E36 9.969209968386869E36 9.969209968386869E36 9.969209968386869E36 0.4763822853565216 0.47862064838409424 0.8780158162117004 1.1637758016586304 0.5207772254943848 -0.03331728279590607
0.00884066428989172 0.1003977432847023 0.0712445080280304 0.12025739997625351 0.11603052914142609 0.05979638174176216 0.023807145655155182 0.13713708519935608 0.19817523658275604 0.20616279542446136 0.13667675852775574 0.09154687076807022 0.09396284073591232 0.0869782418012619 0.11852995306253433 0.14597241580486298 0.1378650963306427 0.15015961229801178 0.14100241661071777 0.09984300285577774 0.03350299969315529 -0.08232729136943817 -0.09598679095506668 -0.22449557483196259 -0.12272621691226959 -0.11285658925771713 9.969209968386869E36 9.969209968386869E36 9.969209968386869E36 9.969209968386869E36 9.969209968386869E36 9.969209968386869E36 9.969209968386869E36 9.969209968386869E36 -0.19433282315731049 0.07609531283378601 0.2354351431131363 0.6464594006538391 1.0098148584365845 1.1137751340866089 9.969209968386869E36 -0.11071335524320602
1.3461316120810807E-4 -0.06257529556751251 0.03818155452609062 0.10128087550401688 0.10446764528751373 0.05758179351687431 0.19230635464191437 0.2262886017560959 0.2108556181192398 0.16014008224010468 0.1246238499879837 0.0583825409412384 0.014164701104164124 0.021109603345394135 0.06507635116577148 0.09237567335367203 0.16246739029884338 0.17630642652511597 0.15040624141693115 0.09074654430150986 0.0382879301905632 -0.08654095977544785 -0.14944303035736084 -0.23965077102184296 -0.19911791384220123 -0.08666162937879562 -0.10502195358276367 9.969209968386869E36 9.969209968386869E36 9.969209968386869E36 9.969209968386869E36 9.969209968386869E36 9.969209968386869E36 9.969209968386869E36 -0.26646682620048523 -0.1953749805688858 0.25101858377456665 0.6887480020523071 1.0329253673553467 1.1363654136657715 0.6461595892906189 0.20211245119571686
-0.013205074705183506 0.005977358669042587 0.003349140053614974 0.04567137733101845 0.04960506409406662 0.04630514979362488 0.07147038727998734 0.10622911155223846 0.1117882952094078 0.07719257473945618 0.04231865704059601 0.011852394789457321 0.0068293372169137 0.022836945950984955 0.034641083329916 0.127980038523674 0.18404631316661835 0.17811882495880127 0.14163923263549805 0.08989811688661575 0.02726598270237446 -0.06152814254164696 -0.1888739913702011 -0.29629307985305786 -0.25248003005981445 -0.13699494302272797 -0.12301153689622879 -0.11640992015600204 9.969209968386869E36 9.969209968386869E36 9.969209968386869E36 9.969209968386869E36 9.969209968386869E36 9.969209968386869E36 -0.3790645897388458 -0.2275972217321396 0.2198898196220398 0.7224526405334473 1.104251503944397 1.2520174980163574 0.702629804611206 0.27034327387809753
0.028324203565716743 0.045005593448877335 0.06085235998034477 0.07470282167196274 0.06573878973722458 0.045962002128362656 0.024920325726270676 0.008030700497329235 -0.006935378070920706 -0.0010774576803669333 0.007426116615533829 -0.002988382475450635 -0.019115528091788292 -0.02254584990441799 0.04469633474946022 0.15591031312942505 0.17933854460716248 0.1697818785905838 0.12687480449676514 0.071630097925663 0.016749607399106026 -0.04719365015625954 -0.16767477989196777 -0.2976294755935669 -0.302076518535614 -0.18240684270858765 -0.1265450417995453 -0.09378441423177719 -0.06913705915212631 9.969209968386869E36 9.969209968386869E36 9.969209968386869E36 9.969209968386869E36 -0.4856678545475006 -0.5352651476860046 -0.24824275076389313 0.19013743102550507 0.7376071810722351 1.1507487297058105 1.3491560220718384 0.6057327389717102 0.2920336127281189
0.0169729832559824 0.05338846892118454 0.090703584253788 0.08212762326002121 0.05259392037987709 0.02800152264535427 0.0032538205850869417 -0.024653755128383636 -0.027386624366044998 -0.022303206846117973 -0.03308061882853508 -0.03892989084124565 -0.041933104395866394 -0.012096865102648735 0.0939120203256607 0.1563032567501068 0.14945869147777557 0.13404347002506256 0.08816847205162048 0.04228302463889122 0.015044803731143475 -0.023944636806845665 -0.11319462954998016 -0.2236606478691101 -0.29966649413108826 -0.2546495795249939 -0.1756257712841034 -0.09750857204198837 -0.08169839531183243 -0.09021328389644623 9.969209968386869E36 9.969209968386869E36 9.969209968386869E36 -0.4195530116558075 -0.5697933435440063 -0.24190329015254974 0.19214382767677307 0.7365968823432922 1.1574598550796509 1.3699259757995605 0.5644755363464355 0.20898759365081787
-0.005454576574265957 0.05245501920580864 0.0799984261393547 0.05724222958087921 0.021771281957626343 -0.013323262333869934 -0.0329291895031929 -0.03822273388504982 -0.02779979072511196 -0.03250790759921074 -0.044612377882003784 -0.04351137578487396 -0.02456754446029663 0.03188132867217064 0.10595636069774628 0.12067308276891708 0.10289832204580307 0.07095374912023544 0.021626152098178864 0.008826091885566711 0.020036039873957634 0.0024938511196523905 -0.04857435077428818 -0.11884535104036331 -0.2223554402589798 -0.2538091242313385 -0.23085816204547882 -0.19653186202049255 -0.1306726187467575 -0.12482672929763794 -0.13254816830158234 9.969209968386869E36 9.969209968386869E36 -0.3429914116859436 -0.562170147895813 -0.21901407837867737 0.19688710570335388 0.703904926776886 1.1028496026992798 1.3161100149154663 0.40142521262168884 0.04145769029855728
0.018969936296343803 0.03771070018410683 0.049392715096473694 0.027917681261897087 -0.008211011998355389 -0.02880808524787426 -0.026436958461999893 -0.020410196855664253 -0.012110809795558453 -0.016405140981078148 -0.016400020569562912 -0.008674118667840958 0.01158391684293747 0.044423796236515045 0.06890468299388885 0.06000526249408722 0.03901916369795799 -0.018456442281603813 -0.06342851370573044 -0.022650349885225296 0.04259821027517319 0.030059868469834328 0.004120733123272657 -0.03222234919667244 -0.11424427479505539 -0.1816350370645523 -0.21672315895557404 -0.23684383928775787 -0.23811087012290955 -0.193380668759346 -0.10200535506010056 9.969209968386869E36 9.969209968386869E36 -0.35658425092697144 -0.4990139901638031 -0.16708533465862274 0.2265525758266449 0.6760790348052979 1.0067696571350098 1.1731469631195068 0.45986151695251465 -0.012817859649658203
-0.0033727395348250866 0.004219488240778446 -0.0019017935264855623 -0.014873139560222626 -0.027842611074447632 -0.02368222363293171 -0.007018664851784706 0.0021470459178090096 0.010070186108350754 0.014753584749996662 0.01905004493892193 0.024210358038544655 0.02707134746015072 0.026191983371973038 0.016691923141479492 -0.002224038355052471 -0.038809627294540405 -0.11201401054859161 -0.1161067932844162 0.01361095067113638 0.11691534519195557 0.0668693333864212 0.02778516337275505 -1.2969397357665002E-4 -0.04662599787116051 -0.09100837260484695 -0.1451064795255661 -0.19459497928619385 -0.2714424133300781 -0.26756131649017334 -0.2782135605812073 9.969209968386869E36 9.969209968386869E36 -0.30701979994773865 -0.353343665599823 -0.048359718173742294 0.3329046666622162 0.6801404356956482 0.8538479208946228 0.8378332257270813 9.969209968386869E36 -0.09249357134103775
-0.0313773937523365 -0.025588540360331535 -0.03406887501478195 -0.03636443242430687 -0.029383501037955284 -0.015931155532598495 0.0019257067469879985 0.01689758151769638 0.029946859925985336 0.03559797629714012 0.03500821068882942 0.029629291966557503 0.01576550118625164 -7.897586328908801E-4 -0.022106224671006203 -0.043231625109910965 -0.10401987284421921 -0.17742155492305756 -0.09864666312932968 0.13130919635295868 0.15149816870689392 0.0609126091003418 0.011365692131221294 -0.012744189240038395 -0.04180058091878891 -0.05595724284648895 -0.10930898785591125 -0.16302236914634705 -0.23355576395988464 -0.37903526425361633 -0.532842218875885 9.969209968386869E36 9.969209968386869E36 -0.245000422000885 -0.07470668107271194 0.24502496421337128 0.5302161574363708 0.6953458189964294 0.6807100772857666 0.49561256170272827 0.37389203906059265 9.969209968386869E36
-0.05122688412666321 -0.05508647859096527 -0.05064208805561066 -0.04328368976712227 -0.02956542745232582 -0.011802137829363346 0.008111389353871346 0.0255034901201725 0.039681412279605865 0.0488838255405426 0.04304613173007965 0.022317038848996162 -0.0025222112890332937 -0.017301373183727264 -0.035799697041511536 -0.07300242781639099 -0.1466210037469864 -0.1785871833562851 -0.037393953651189804 0.16885562241077423 0.10345062613487244 -0.00774640217423439 -0.052237581461668015 -0.04921271279454231 -0.036546073853969574 -0.011432431638240814 -0.07526198774576187 -0.11008939892053604 -0.18286021053791046 -0.3492593765258789 -0.9916382431983948 9.969209968386869E36 9.969209968386869E36 0.06141739711165428 0.3014981746673584 0.5314522981643677 0.6562166213989258 0.652352511882782 0.5480530261993408 0.3572409749031067 -0.05250222980976105 0.02325834520161152
-0.06660096347332001 -0.06349822878837585 -0.053786419332027435 -0.04030804708600044 -0.023559575900435448 -0.002853528130799532 0.014484802260994911 0.028646958991885185 0.041053541004657745 0.0519036166369915 0.04292602837085724 0.012716040015220642 -0.014921539463102818 -0.020861223340034485 -0.0471549853682518 -0.0979856550693512 -0.1597718596458435 -0.14886601269245148 0.04640990495681763 0.0996486246585846 -0.007259347941726446 -0.06443583965301514 -0.04575624316930771 0.01518107671290636 0.07935663312673569 0.13723810017108917 0.03979373723268509 0.07309378683567047 -0.16666334867477417 -0.0831909328699112 -0.708651602268219 -0.4756454527378082 0.0017001554369926453 0.1465914398431778 0.3780757486820221 0.5268332362174988 0.5719079971313477 0.5415606498718262 0.4623534381389618 0.32141393423080444 0.13567456603050232 0.07008543610572815
-0.0551140233874321 -0.04331217333674431 -0.034921035170555115 -0.02808140031993389 -0.021825337782502174 -0.005171911790966988 0.012788599357008934 0.027973128482699394 0.036469679325819016 0.044378530234098434 0.03651732578873634 -2.847017894964665E-4 -0.03713178634643555 -0.03734730929136276 -0.05754547566175461 -0.11838735640048981 -0.1562551110982895 -0.08721951395273209 0.06364832073450089 0.009425717405974865 -0.07968553900718689 -0.06658340245485306 0.020824752748012543 0.14133425056934357 0.24900731444358826 0.27954286336898804 0.22162869572639465 0.1805727630853653 -0.007436208892613649 -0.013710062950849533 -0.3050113022327423 -0.23114940524101257 -0.07909407466650009 0.05681316927075386 0.15658316016197205 0.27010953426361084 0.3660896122455597 0.39632493257522583 0.36141711473464966 0.2980850040912628 0.1901422142982483 0.12451664358377457
-0.030884379521012306 -0.020482802763581276 -0.014099285937845707 -0.011304172687232494 -0.010936355218291283 -0.004878044128417969 9.976292494684458E-4 0.005747058894485235 0.011621329933404922 0.022979283705353737 0.02116510458290577 -0.0169206615537405 -0.07270490378141403 -0.07760091871023178 -0.0889410749077797 -0.13803882896900177 -0.14720287919044495 0.0015755152562633157 0.03989330679178238 -0.0592457614839077 -0.1084599494934082 -0.0667625442147255 0.06405311822891235 0.2585265636444092 0.3618852496147156 0.36907878518104553 0.32065635919570923 0.2454887181520462 0.14692369103431702 0.07393725216388702 -0.04605647176504135 -0.052671220153570175 0.0014936544466763735 0.07338403910398483 0.13694533705711365 0.21630129218101501 0.27123966813087463 0.29514434933662415 0.2908634543418884 0.2798551619052887 0.2141178548336029 0.1535961925983429
0.018107132986187935 0.01990749128162861 0.01570948213338852 0.008687932044267654 -0.003913058899343014 -0.013073259964585304 -0.02011284977197647 -0.02154570259153843 -0.01364380493760109 -0.00447861896827817 -0.007035584654659033 -0.044397205114364624 -0.10592025518417358 -0.11839821189641953 -0.11272657662630081 -0.13746778666973114 -0.09929700940847397 0.03170856833457947 -0.0029734880663454533 -0.10428567230701447 -0.13030686974525452 -0.051449649035930634 0.16438356041908264 0.3845032751560211 0.447751522064209 0.43999674916267395 0.40129703283309937 0.3192448616027832 0.2262885570526123 0.1265745759010315 0.027000965550541878 -0.015936996787786484 0.0053534540347754955 0.0568157359957695 0.10748167335987091 0.1569175273180008 0.21096576750278473 0.2534136474132538 0.2606644928455353 0.24627456068992615 0.20785461366176605 0.1342354565858841
0.04185075685381889 0.032728251069784164 0.02003779448568821 0.008525746874511242 -0.009024499915540218 -0.02167407050728798 -0.034876443445682526 -0.04015465825796127 -0.03883980214595795 -0.038342177867889404 -0.04826795682311058 -0.08161086589097977 -0.13761767745018005 -0.15561985969543457 -0.1324038803577423 -0.13123755156993866 -0.040159374475479126 0.01961914263665676 -0.05571181699633598 -0.138095423579216 -0.13676807284355164 0.0038803534116595984 0.2983241081237793 0.41751551628112793 0.4879031181335449 0.5086933374404907 0.4860595762729645 0.4075242280960083 0.3048301935195923 0.18759208917617798 0.07440206408500671 -0.0037306908052414656 -0.018445711582899094 0.009349553845822811 0.07446986436843872 0.17328879237174988 0.24482758343219757 0.26683321595191956 0.24436871707439423 0.18938229978084564 0.1638212949037552 0.13689188659191132
0.05479078367352486 0.03876403346657753 0.018632112070918083 0.0045111519284546375 -0.0166409220546484 -0.030451243743300438 -0.042859844863414764 -0.05561867728829384 -0.06360802799463272 -0.07390259951353073 -0.0988263413310051 -0.1268184781074524 -0.16634665429592133 -0.1769544780254364 -0.14710131287574768 -0.117332324385643 -0.027863197028636932 -0.029031381011009216 -0.11910254508256912 -0.1704147607088089 -0.12227701395750046 0.08494719117879868 0.3104945421218872 0.4467550814151764 0.526007354259491 0.5612752437591553 0.5471724271774292 0.4709274172782898 0.36190250515937805 0.20767153799533844 0.06563480198383331 -0.00865942146629095 -0.007373597007244825 0.04892357438802719 0.16238997876644135 0.25900521874427795 0.2957426905632019 0.2509066164493561 0.20185165107250214 0.19367849826812744 0.15848343074321747 0.13228613138198853
